============================================================
Epoch 1
////////////////////////////////////////////////////////////
Batch 1
Parametri:
[[-0.19463722  0.78940374 -0.14118903 -0.66285057  0.86854549  1.17702321
  -2.54967804  1.88069324 -1.48434654  1.45548098  1.11883631  0.26309181
   1.59632884 -0.39868523  0.83390746  1.54948585  0.0826614  -0.99414984
  -1.42047855  1.03862703]
 [-0.31943385 -0.90151763 -0.46029255  0.1904817   0.28972013 -1.56665445
  -1.42203152 -0.03316021 -1.33322729  0.06053479 -2.13964359  0.42559297
   0.36354991  0.67208825  1.53382678  0.46304852 -0.10493267 -1.48513893
  -0.77403002 -2.47292311]
 [-0.14479097  0.38735895 -0.28114974 -1.37894472 -0.0149725   0.31541282
  -0.63282053  1.14658168  0.80718837 -0.26900458  0.75650429 -0.22508752
   0.41396078 -0.02887273 -0.83045183 -1.34152146  0.04003968  2.25365775
  -0.71604189  0.62457981]
 [ 0.00417252  0.95621889  1.98868768 -1.78016576  0.50021133 -0.09974601
   2.13313087  0.29988297 -0.53112276  0.68681613 -0.57426283 -1.37829595
   0.24092264 -2.26485502 -0.53586505 -0.25183657  2.38835669  0.31805183
  -1.88212172 -1.22403785]
 [-0.6495693   0.90342228  0.61368735  0.54978434 -0.07784149  0.24614347
  -0.32827446  1.94533681  0.15587961  1.60344117 -1.23035205  0.2548577
  -0.17939508 -1.34746652 -0.19908812 -0.64064063  0.81513878  1.35216895
  -1.41344656 -1.95659563]
 [-0.93327259 -0.60916167  0.75960375  0.26851503 -0.66682787  0.34624141
   0.04979514 -2.3401908  -0.6155011  -0.86963112 -0.74213673  1.03212362
   0.30429834 -0.72826666  1.18260686 -0.56610961 -0.63835849  1.01299646
  -0.42501148 -0.32997231]
 [ 0.85458117 -1.33835564  0.94417965  2.24237729  0.95620443  1.56216143
  -2.06918601 -0.32798062 -0.1080066  -2.03767031  0.00991072 -0.65514677
   1.77734075  0.90043396  0.78925791  0.66884575  0.71096676  0.54553561
   0.56902691  0.42091753]
 [-0.23034426  1.04796885 -2.06526903 -1.68630241  0.78594841 -1.83735759
   0.10289579  1.85997087 -1.41517051 -0.09798544 -0.11768319  0.46085788
   0.83121153 -0.12774252  0.47191823 -0.395557    0.45830368 -1.35733138
   0.9084193  -1.01409454]
 [-0.16522176 -0.80374587 -0.76403679  1.2229316  -1.23072612  0.26284221
  -0.81618011 -0.65542058  2.85916229 -0.03974598  0.07367744 -2.08933142
   1.45784144 -1.86709677 -0.98115169  1.20383574 -0.59480188 -1.003637
   1.65588303 -1.43585435]
 [ 1.48108975 -1.49318856 -0.95752762  0.06039181 -0.50080427 -0.26664731
   0.94456032  0.42040259  0.12966439 -2.03296308  0.60152879 -0.37957992
  -0.30085457  0.11466235 -1.75718706 -0.55543254 -1.04518477  0.52156296
  -1.47830753  0.53371285]
 [-0.31201899  1.6076492   0.8526134   2.69136096 -0.85801158 -0.71565635
  -0.97061205  0.36228574  1.38514297  0.23917767  1.65577351 -0.8842724
   0.04641065 -0.09968266  1.22933463  0.37083515  0.45677563 -0.09429683
   0.3232891  -0.30577901]
 [ 0.88676526  0.82882305  0.86803629 -0.2771837   0.30094969  0.7352977
   0.12163116  0.42481383 -0.40133158 -0.80271959  1.66215428  0.10442446
   0.89173277  0.11931405  1.27436315  1.27887417 -0.52516615 -1.17738847
  -0.03727879  1.05797931]
 [ 0.32814412  0.2824919   0.94391496  0.70929421 -0.80836385 -0.40997095
  -0.27309998 -0.76643091 -0.11112014  0.65061962  0.56343588  0.42847121
   1.22653186  0.12947575 -1.24948925  0.83717854 -1.02809314 -0.03900576
  -0.5604153   1.12266227]
 [-2.57486899 -0.44004538 -0.77930075  0.06816643 -0.70925992 -0.05366078
  -2.20150742 -0.3671861   0.36782408 -0.23858188  0.84677094 -0.4756952
  -1.10073709  1.72694788  0.06015462  1.17985588 -0.46279186  2.06759954
  -0.41543043 -0.01716498]
 [-0.16345812  0.31323516  0.21837379 -0.56773232 -0.43552064  1.09392726
  -0.93088929  0.03396799 -2.23115311  0.62372744  0.96947651  0.86548596
   1.11074202 -0.44300267  0.26417284 -0.44042036 -0.92984546  2.58286857
  -0.1508228  -0.02282173]
 [-0.67781967 -0.77411714 -0.43943998  1.01854982  1.14695275 -0.61488696
  -0.82701578  0.71386565  0.13822814  0.58571225  0.51844363  0.25305892
  -0.79137954 -0.2331085  -0.14126718  1.10680105 -0.42314018 -0.97831866
  -1.16670129  0.6771212 ]
 [ 1.38506702 -1.0281058  -1.79847339  0.85669257  2.06120813 -0.09527866
  -0.23905035  0.15004846 -1.33219619  1.15733201 -0.11836583 -1.29177545
  -0.15674693 -0.09503453 -0.83225952 -1.68104214  0.1965726  -1.87494761
  -1.3865482   2.35778143]
 [-0.49920286 -1.11862021 -1.20541375 -1.09229501  0.59210883 -0.11363245
  -0.51210754 -0.05821062 -0.97021005 -0.80550607 -0.6357338   0.29475694
   0.15467334  1.34860895  0.79660472  0.50915624 -0.52686833 -0.59093438
   0.97163884 -0.70244919]
 [ 0.10362006  0.16040205 -0.43045046  0.54652023 -0.3272988   1.02409029
  -2.36801849  0.33615137 -0.50092461  0.22059752  1.50248093 -1.03859251
   0.11568589 -0.29564723 -1.08299971 -0.20322799  0.23336553 -0.00779569
  -1.44778326 -1.25677196]
 [-1.926281   -2.85307313  1.28046236  0.15437703 -0.36807649 -1.00733082
   0.67215445  2.00971157  0.68582118  0.1082839   0.19552157 -0.66129196
   0.5313851  -1.30331582 -0.23401002  0.34560575  1.2715584   0.20064058
   0.2313385   0.06496778]]
////////////////////////////////////////////////////////////
////////////////////////////////////////////////////////////
Batch 2
Parametri:
[[-0.19450744  0.7892756  -0.14133042 -0.66272038  0.86840408  1.17690067
  -2.54953699  1.88056488 -1.48420751  1.45533961  1.11897766  0.26323072
   1.59647021 -0.39882456  0.83376616  1.54962627  0.08252016 -0.99403112
  -1.42061996  1.0387684 ]
 [-0.31929271 -0.90165837 -0.46043373  0.1903404   0.28986016 -1.56651382
  -1.42217183 -0.0333015  -1.33308597  0.06067603 -2.13950227  0.42545191
   0.36369066  0.67194709  1.53368669  0.46318941 -0.10479132 -1.48502448
  -0.77417138 -2.4727817 ]
 [-0.14492404  0.38721798 -0.28129114 -1.37908604 -0.01511365  0.31555343
  -0.63296174  1.14644041  0.8070473  -0.26886349  0.75636445 -0.22494619
   0.41410176 -0.02901313 -0.83059298 -1.34166177  0.03989847  2.25368662
  -0.71596533  0.62472113]
 [ 0.00431387  0.95607792  1.98882905 -1.78002438  0.50035263 -0.09960489
   2.13326974  0.30002415 -0.53098159  0.68667749 -0.57440418 -1.37815467
   0.2409361  -2.26471391 -0.5360046  -0.25197762  2.38849807  0.31814933
  -1.88226307 -1.22417925]
 [-0.64943087  0.90328134  0.61382812  0.54992565 -0.07798288  0.24628461
  -0.32813323  1.9454777   0.15601996  1.60330301 -1.23049268  0.25499837
  -0.17953631 -1.34760772 -0.19922862 -0.64078167  0.81501062  1.35202772
  -1.41330588 -1.9564543 ]
 [-0.93313145 -0.60902507  0.75974511  0.26837376 -0.66668648  0.34638274
   0.04965377 -2.34033149 -0.61564157 -0.86948985 -0.74227787  1.03198836
   0.30416338 -0.72840308  1.18246556 -0.56625047 -0.63849975  1.01285528
  -0.42487008 -0.32983096]
 [ 0.85472253 -1.33821604  0.94403836  2.24223664  0.95606301  1.56202004
  -2.06904469 -0.32783926 -0.10812124 -2.03752897  0.00976978 -0.65509509
   1.77719945  0.90057484  0.78911707  0.66874325  0.7108255   0.54567546
   0.56888552  0.42105892]
 [-0.23048554  1.04810061 -2.06541041 -1.68644371  0.78608979 -1.83749864
   0.10275458  1.85982968 -1.41531177 -0.09810471 -0.11754283  0.46093962
   0.83107046 -0.1276042   0.47205638 -0.39569406  0.458441   -1.35719039
   0.90856069 -1.0139532 ]
 [-0.16536308 -0.80371739 -0.76389539  1.22303136 -1.23058482  0.26298343
  -0.81604388 -0.65555872  2.85902436 -0.03979644  0.07353931 -2.08931715
   1.45770596 -1.86695904 -0.9812676   1.2037089  -0.59466047 -1.0034993
   1.65602423 -1.43571297]
 [ 1.48123114 -1.49318856 -0.95738621  0.06039181 -0.50094563 -0.26664731
   0.94442251  0.42040259  0.12952887 -2.03296308  0.60166937 -0.37957992
  -0.30094628  0.11466235 -1.75704796 -0.55543254 -1.04504532  0.52156296
  -1.47816612  0.53371285]
 [-0.31201899  1.6076492   0.8526134   2.69136096 -0.85801158 -0.71565635
  -0.97061205  0.36228574  1.38514297  0.23917767  1.65577351 -0.8842724
   0.04641065 -0.09968266  1.22933463  0.37083515  0.45677563 -0.09429683
   0.3232891  -0.30577901]
 [ 0.88676526  0.82882305  0.86803629 -0.2771837   0.30094969  0.7352977
   0.12163116  0.42481383 -0.40133158 -0.80271959  1.66215428  0.10442446
   0.89173277  0.11931405  1.27436315  1.27887417 -0.52516615 -1.17738847
  -0.03727879  1.05797931]
 [ 0.32814412  0.2824919   0.94391496  0.70929421 -0.80836385 -0.40997095
  -0.27309998 -0.76643091 -0.11112014  0.65061962  0.56343588  0.42847121
   1.22653186  0.12947575 -1.24948925  0.83717854 -1.02809314 -0.03900576
  -0.5604153   1.12266227]
 [-2.57486899 -0.44004538 -0.77930075  0.06816643 -0.70925992 -0.05366078
  -2.20150742 -0.3671861   0.36782408 -0.23858188  0.84677094 -0.4756952
  -1.10073709  1.72694788  0.06015462  1.17985588 -0.46279186  2.06759954
  -0.41543043 -0.01716498]
 [-0.16345812  0.31323516  0.21837379 -0.56773232 -0.43552064  1.09392726
  -0.93088929  0.03396799 -2.23115311  0.62372744  0.96947651  0.86548596
   1.11074202 -0.44300267  0.26417284 -0.44042036 -0.92984546  2.58286857
  -0.1508228  -0.02282173]
 [-0.67781967 -0.77411714 -0.43943998  1.01854982  1.14695275 -0.61488696
  -0.82701578  0.71386565  0.13822814  0.58571225  0.51844363  0.25305892
  -0.79137954 -0.2331085  -0.14126718  1.10680105 -0.42314018 -0.97831866
  -1.16670129  0.6771212 ]
 [ 1.38506702 -1.0281058  -1.79847339  0.85669257  2.06120813 -0.09527866
  -0.23905035  0.15004846 -1.33219619  1.15733201 -0.11836583 -1.29177545
  -0.15674693 -0.09503453 -0.83225952 -1.68104214  0.1965726  -1.87494761
  -1.3865482   2.35778143]
 [-0.49920286 -1.11862021 -1.20541375 -1.09229501  0.59210883 -0.11363245
  -0.51210754 -0.05821062 -0.97021005 -0.80550607 -0.6357338   0.29475694
   0.15467334  1.34860895  0.79660472  0.50915624 -0.52686833 -0.59093438
   0.97163884 -0.70244919]
 [ 0.10362006  0.16040205 -0.43045046  0.54652023 -0.3272988   1.02409029
  -2.36801849  0.33615137 -0.50092461  0.22059752  1.50248093 -1.03859251
   0.11568589 -0.29564723 -1.08299971 -0.20322799  0.23336553 -0.00779569
  -1.44778326 -1.25677196]
 [-1.926281   -2.85307313  1.28046236  0.15437703 -0.36807649 -1.00733082
   0.67215445  2.00971157  0.68582118  0.1082839   0.19552157 -0.66129196
   0.5313851  -1.30331582 -0.23401002  0.34560575  1.2715584   0.20064058
   0.2313385   0.06496778]]
////////////////////////////////////////////////////////////
////////////////////////////////////////////////////////////
Batch 3
Parametri:
[[-0.19439432  0.7891417  -0.1414717  -0.66285787  0.86826267  1.17676525
  -2.54939575  1.88042577 -1.48434799  1.45519827  1.11911902  0.26308957
   1.5966116  -0.39868424  0.8336262   1.54948502  0.0826612  -0.99390204
  -1.42047862  1.03862928]
 [-0.31915138 -0.90151743 -0.46029233  0.19020166  0.29000128 -1.56637275
  -1.42203049 -0.03316012 -1.33322508  0.06081605 -2.13964338  0.42559311
   0.36355363  0.67208836  1.53381892  0.46307541 -0.10464996 -1.48493741
  -0.77403036 -2.4729229 ]
 [-0.14506497  0.38735794 -0.28115322 -1.37922728 -0.014975    0.31569448
  -0.63310307  1.14630018  0.80718852 -0.26899891  0.7565042  -0.22480496
   0.4142431  -0.02915427 -0.83073398 -1.34156481  0.03975723  2.25379736
  -0.71582424  0.62460975]
 [ 0.00417253  0.95621781  1.98897018 -1.78016576  0.50049403 -0.09946351
   2.13340974  0.29988353 -0.53084022  0.68681879 -0.57454546 -1.37801354
   0.24107742 -2.26458316 -0.53604434 -0.25208607  2.38863946  0.31802044
  -1.88212551 -1.22403801]
 [-0.6495722   0.90342263  0.61368693  0.54978425 -0.0778417   0.24642596
  -0.32827455  1.94536546  0.15587892  1.60344417 -1.23035192  0.25513807
  -0.17949282 -1.34774181 -0.19909083 -0.64091316  0.81486937  1.35190715
  -1.41343948 -1.95659551]
 [-0.93299017 -0.60888416  0.7598863   0.26823238 -0.66654508  0.34652357
   0.04979511 -2.3404708  -0.61550021 -0.86962613 -0.74213797  1.03184872
   0.30430334 -0.72827655  1.18233102 -0.56638568 -0.63835961  1.01297118
  -0.42501021 -0.32997198]
 [ 0.85458118 -1.33807665  0.94389696  2.24209529  0.95620442  1.56216145
  -2.06890363 -0.32769809 -0.10826258 -2.03766803  0.00990995 -0.65496768
   1.77720528  0.90052115  0.78925566  0.66860518  0.71094169  0.54578992
   0.56902678  0.42091777]
 [-0.23062687  1.04823617 -2.06537437 -1.68630231  0.78594846 -1.83735725
   0.10261328  1.85996492 -1.41517049 -0.09796344 -0.11767713  0.46087832
   0.83120552 -0.12774534  0.47219606 -0.39583009  0.45830461 -1.35706281
   0.90841942 -1.01409418]
 [-0.16522174 -0.80358126 -0.76375399  1.22289168 -1.23044341  0.2628721
  -0.81590335 -0.65569467  2.85888432 -0.03977758  0.07367575 -2.08935971
   1.45772584 -1.86685685 -0.98114738  1.20356774 -0.59480158 -1.00340284
   1.65616506 -1.43585428]
 [ 1.48137254 -1.49318856 -0.957245    0.06039181 -0.50080983 -0.26664731
   0.94456391  0.42040259  0.12966956 -2.03296308  0.60153427 -0.37957992
  -0.30080521  0.11466235 -1.75691466 -0.55543254 -1.04490418  0.52156296
  -1.47830748  0.53371285]
 [-0.31201899  1.6076492   0.8526134   2.69136096 -0.85801158 -0.71565635
  -0.97061205  0.36228574  1.38514297  0.23917767  1.65577351 -0.8842724
   0.04641065 -0.09968266  1.22933463  0.37083515  0.45677563 -0.09429683
   0.3232891  -0.30577901]
 [ 0.88676526  0.82882305  0.86803629 -0.2771837   0.30094969  0.7352977
   0.12163116  0.42481383 -0.40133158 -0.80271959  1.66215428  0.10442446
   0.89173277  0.11931405  1.27436315  1.27887417 -0.52516615 -1.17738847
  -0.03727879  1.05797931]
 [ 0.32814412  0.2824919   0.94391496  0.70929421 -0.80836385 -0.40997095
  -0.27309998 -0.76643091 -0.11112014  0.65061962  0.56343588  0.42847121
   1.22653186  0.12947575 -1.24948925  0.83717854 -1.02809314 -0.03900576
  -0.5604153   1.12266227]
 [-2.57486899 -0.44004538 -0.77930075  0.06816643 -0.70925992 -0.05366078
  -2.20150742 -0.3671861   0.36782408 -0.23858188  0.84677094 -0.4756952
  -1.10073709  1.72694788  0.06015462  1.17985588 -0.46279186  2.06759954
  -0.41543043 -0.01716498]
 [-0.16345812  0.31323516  0.21837379 -0.56773232 -0.43552064  1.09392726
  -0.93088929  0.03396799 -2.23115311  0.62372744  0.96947651  0.86548596
   1.11074202 -0.44300267  0.26417284 -0.44042036 -0.92984546  2.58286857
  -0.1508228  -0.02282173]
 [-0.67781967 -0.77411714 -0.43943998  1.01854982  1.14695275 -0.61488696
  -0.82701578  0.71386565  0.13822814  0.58571225  0.51844363  0.25305892
  -0.79137954 -0.2331085  -0.14126718  1.10680105 -0.42314018 -0.97831866
  -1.16670129  0.6771212 ]
 [ 1.38506702 -1.0281058  -1.79847339  0.85669257  2.06120813 -0.09527866
  -0.23905035  0.15004846 -1.33219619  1.15733201 -0.11836583 -1.29177545
  -0.15674693 -0.09503453 -0.83225952 -1.68104214  0.1965726  -1.87494761
  -1.3865482   2.35778143]
 [-0.49920286 -1.11862021 -1.20541375 -1.09229501  0.59210883 -0.11363245
  -0.51210754 -0.05821062 -0.97021005 -0.80550607 -0.6357338   0.29475694
   0.15467334  1.34860895  0.79660472  0.50915624 -0.52686833 -0.59093438
   0.97163884 -0.70244919]
 [ 0.10362006  0.16040205 -0.43045046  0.54652023 -0.3272988   1.02409029
  -2.36801849  0.33615137 -0.50092461  0.22059752  1.50248093 -1.03859251
   0.11568589 -0.29564723 -1.08299971 -0.20322799  0.23336553 -0.00779569
  -1.44778326 -1.25677196]
 [-1.926281   -2.85307313  1.28046236  0.15437703 -0.36807649 -1.00733082
   0.67215445  2.00971157  0.68582118  0.1082839   0.19552157 -0.66129196
   0.5313851  -1.30331582 -0.23401002  0.34560575  1.2715584   0.20064058
   0.2313385   0.06496778]]
////////////////////////////////////////////////////////////
============================================================
Epoch 2
////////////////////////////////////////////////////////////
Batch 1
Parametri:
[[-0.19453529  0.78911718 -0.14161305 -0.66272254  0.86812204  1.1769056
  -2.54925459  1.88030959 -1.48420677  1.45506149  1.11897764  0.26294817
   1.59648212 -0.39882557  0.83376752  1.54962634  0.08264    -0.99379529
  -1.42033729  1.03848806]
 [-0.31901058 -0.90165831 -0.46043371  0.19034188  0.28990149 -1.56623195
  -1.42188929 -0.03330052 -1.33336647  0.06068367 -2.13978434  0.42573452
   0.36364486  0.67194711  1.53367779  0.46293404 -0.10451131 -1.48484901
  -0.77388932 -2.47306426]
 [-0.1452063   0.3872176  -0.28129459 -1.37936077 -0.01511603  0.31583535
  -0.63296166  1.1464415   0.80704716 -0.26913765  0.75664545 -0.22494636
   0.41410183 -0.02903373 -0.83059264 -1.34142479  0.03961966  2.25367408
  -0.71596542  0.62446851]
 [ 0.00431387  0.95607747  1.98883847 -1.78002437  0.50063534 -0.09932352
   2.13355114  0.29974218 -0.53098156  0.68667741 -0.57468684 -1.37815488
   0.24121845 -2.26444375 -0.53590334 -0.25194485  2.38849858  0.31816166
  -1.88198449 -1.22389665]
 [-0.64943683  0.90328554  0.6135471   0.54992555 -0.07795401  0.24656552
  -0.32813433  1.94522409  0.15601974  1.60330288 -1.23049333  0.25499669
  -0.17935697 -1.34761064 -0.19923187 -0.64077281  0.81472804  1.35204828
  -1.41357829 -1.95645775]
 [-0.93284934 -0.60902548  0.75979779  0.26837367 -0.66640739  0.34666374
   0.04993648 -2.34032985 -0.61535885 -0.86976465 -0.74199671  1.03198535
   0.3042964  -0.72813534  1.18219059 -0.56652666 -0.63822315  1.01311229
  -0.42515159 -0.33007272]
 [ 0.85448248 -1.33821801  0.94375569  2.24223131  0.95606322  1.56202534
  -2.06904495 -0.32755698 -0.10840376 -2.03780836  0.01005101 -0.6551088
   1.77734251  0.90038636  0.78939203  0.66846813  0.7110826   0.54593085
   0.569168    0.42079117]
 [-0.23048639  1.04809482 -2.06523307 -1.6864416   0.78608334 -1.83722285
   0.10247235  1.85996994 -1.41502913 -0.09782213 -0.11753602  0.46087438
   0.83106447 -0.12760406  0.47205471 -0.39596561  0.45816335 -1.35692203
   0.90827804 -1.01395285]
 [-0.1653579  -0.80372261 -0.76361392  1.22277512 -1.2303026   0.26290241
  -0.81576385 -0.65582057  2.8590256  -0.03991678  0.0737731  -2.08923109
   1.457867   -1.86673177 -0.98127918  1.20369494 -0.59494216 -1.00326491
   1.65602402 -1.43599556]
 [ 1.48123112 -1.49318856 -0.95738589  0.06039181 -0.50089924 -0.26664731
   0.94455099  0.42040259  0.12981084 -2.03296308  0.60167568 -0.37957992
  -0.30094623  0.11466235 -1.75705332 -0.55543254 -1.04476299  0.52156296
  -1.4784488   0.53371285]
 [-0.31201899  1.6076492   0.8526134   2.69136096 -0.85801158 -0.71565635
  -0.97061205  0.36228574  1.38514297  0.23917767  1.65577351 -0.8842724
   0.04641065 -0.09968266  1.22933463  0.37083515  0.45677563 -0.09429683
   0.3232891  -0.30577901]
 [ 0.88676526  0.82882305  0.86803629 -0.2771837   0.30094969  0.7352977
   0.12163116  0.42481383 -0.40133158 -0.80271959  1.66215428  0.10442446
   0.89173277  0.11931405  1.27436315  1.27887417 -0.52516615 -1.17738847
  -0.03727879  1.05797931]
 [ 0.32814412  0.2824919   0.94391496  0.70929421 -0.80836385 -0.40997095
  -0.27309998 -0.76643091 -0.11112014  0.65061962  0.56343588  0.42847121
   1.22653186  0.12947575 -1.24948925  0.83717854 -1.02809314 -0.03900576
  -0.5604153   1.12266227]
 [-2.57486899 -0.44004538 -0.77930075  0.06816643 -0.70925992 -0.05366078
  -2.20150742 -0.3671861   0.36782408 -0.23858188  0.84677094 -0.4756952
  -1.10073709  1.72694788  0.06015462  1.17985588 -0.46279186  2.06759954
  -0.41543043 -0.01716498]
 [-0.16345812  0.31323516  0.21837379 -0.56773232 -0.43552064  1.09392726
  -0.93088929  0.03396799 -2.23115311  0.62372744  0.96947651  0.86548596
   1.11074202 -0.44300267  0.26417284 -0.44042036 -0.92984546  2.58286857
  -0.1508228  -0.02282173]
 [-0.67781967 -0.77411714 -0.43943998  1.01854982  1.14695275 -0.61488696
  -0.82701578  0.71386565  0.13822814  0.58571225  0.51844363  0.25305892
  -0.79137954 -0.2331085  -0.14126718  1.10680105 -0.42314018 -0.97831866
  -1.16670129  0.6771212 ]
 [ 1.38506702 -1.0281058  -1.79847339  0.85669257  2.06120813 -0.09527866
  -0.23905035  0.15004846 -1.33219619  1.15733201 -0.11836583 -1.29177545
  -0.15674693 -0.09503453 -0.83225952 -1.68104214  0.1965726  -1.87494761
  -1.3865482   2.35778143]
 [-0.49920286 -1.11862021 -1.20541375 -1.09229501  0.59210883 -0.11363245
  -0.51210754 -0.05821062 -0.97021005 -0.80550607 -0.6357338   0.29475694
   0.15467334  1.34860895  0.79660472  0.50915624 -0.52686833 -0.59093438
   0.97163884 -0.70244919]
 [ 0.10362006  0.16040205 -0.43045046  0.54652023 -0.3272988   1.02409029
  -2.36801849  0.33615137 -0.50092461  0.22059752  1.50248093 -1.03859251
   0.11568589 -0.29564723 -1.08299971 -0.20322799  0.23336553 -0.00779569
  -1.44778326 -1.25677196]
 [-1.926281   -2.85307313  1.28046236  0.15437703 -0.36807649 -1.00733082
   0.67215445  2.00971157  0.68582118  0.1082839   0.19552157 -0.66129196
   0.5313851  -1.30331582 -0.23401002  0.34560575  1.2715584   0.20064058
   0.2313385   0.06496778]]
////////////////////////////////////////////////////////////
////////////////////////////////////////////////////////////
Batch 2
Parametri:
[[-0.19440534  0.788989   -0.14175444 -0.66259221  0.86798064  1.17678383
  -2.54911353  1.88018129 -1.48406774  1.45492012  1.11911899  0.2630871
   1.59662349 -0.39896489  0.83362622  1.54976676  0.08249875 -0.99367654
  -1.4204787   1.03862943]
 [-0.31886945 -0.90179905 -0.46057489  0.19020058  0.29004151 -1.56609131
  -1.42202957 -0.03344181 -1.33322516  0.06082491 -2.13964303  0.42559347
   0.3637856   0.67180595  1.5335377   0.46307493 -0.10436997 -1.48473451
  -0.77403069 -2.47292285]
 [-0.14533938  0.38707663 -0.281436   -1.37950209 -0.01525719  0.31597597
  -0.63310286  1.14630023  0.80690609 -0.26899656  0.7565056  -0.22480504
   0.41424282 -0.02917412 -0.83073379 -1.34156511  0.03947845  2.25370489
  -0.71588491  0.62460984]
 [ 0.00445522  0.9559365   1.98897984 -1.77988299  0.50077663 -0.09918239
   2.13369007  0.29988336 -0.53084038  0.68653874 -0.57482819 -1.3780136
   0.24123254 -2.26430264 -0.53604288 -0.2520859   2.38863996  0.31825941
  -1.88212585 -1.22403806]
 [-0.64929836  0.9031446   0.61368787  0.55006686 -0.07809541  0.24670666
  -0.3279931   1.94536498  0.15616009  1.60316469 -1.23063396  0.25513736
  -0.17949819 -1.34775185 -0.19937237 -0.64091385  0.81460067  1.35190704
  -1.4134376  -1.95631642]
 [-0.93270821 -0.60888874  0.75993914  0.2682324  -0.666266    0.34680507
   0.04979511 -2.34047053 -0.6154993  -0.86962338 -0.74213785  1.03185015
   0.30416135 -0.72827177  1.18204929 -0.56666753 -0.63836441  1.01297111
  -0.42501019 -0.32993136]
 [ 0.85462383 -1.3380784   0.9436144   2.24209065  0.95592181  1.56188395
  -2.06890363 -0.32741562 -0.10851823 -2.03766702  0.00991007 -0.65505674
   1.77720121  0.90052724  0.78925119  0.668365    0.71094135  0.54607072
   0.56902661  0.42093256]
 [-0.23062767  1.04822664 -2.06537446 -1.6865829   0.78622472 -1.8373639
   0.10233114  1.85982875 -1.41517039 -0.09794142 -0.11739565  0.46095678
   0.83092339 -0.12746572  0.47219284 -0.3961027   0.45830067 -1.35678104
   0.90841943 -1.01381151]
 [-0.16549922 -0.80369395 -0.76347252  1.22287287 -1.23016129  0.26304362
  -0.81562756 -0.6559587   2.85888765 -0.03996757  0.073635   -2.08921625
   1.45773149 -1.86659405 -0.98139497  1.20356802 -0.59480075 -1.00312721
   1.65616522 -1.43585418]
 [ 1.48137251 -1.49318856 -0.95724449  0.06039181 -0.50104061 -0.26664731
   0.94441319  0.42040259  0.12967529 -2.03296308  0.60181626 -0.37957992
  -0.30103741  0.11466235 -1.75691423 -0.55543254 -1.04462356  0.52156296
  -1.47830739  0.53371285]
 [-0.31201899  1.6076492   0.8526134   2.69136096 -0.85801158 -0.71565635
  -0.97061205  0.36228574  1.38514297  0.23917767  1.65577351 -0.8842724
   0.04641065 -0.09968266  1.22933463  0.37083515  0.45677563 -0.09429683
   0.3232891  -0.30577901]
 [ 0.88676526  0.82882305  0.86803629 -0.2771837   0.30094969  0.7352977
   0.12163116  0.42481383 -0.40133158 -0.80271959  1.66215428  0.10442446
   0.89173277  0.11931405  1.27436315  1.27887417 -0.52516615 -1.17738847
  -0.03727879  1.05797931]
 [ 0.32814412  0.2824919   0.94391496  0.70929421 -0.80836385 -0.40997095
  -0.27309998 -0.76643091 -0.11112014  0.65061962  0.56343588  0.42847121
   1.22653186  0.12947575 -1.24948925  0.83717854 -1.02809314 -0.03900576
  -0.5604153   1.12266227]
 [-2.57486899 -0.44004538 -0.77930075  0.06816643 -0.70925992 -0.05366078
  -2.20150742 -0.3671861   0.36782408 -0.23858188  0.84677094 -0.4756952
  -1.10073709  1.72694788  0.06015462  1.17985588 -0.46279186  2.06759954
  -0.41543043 -0.01716498]
 [-0.16345812  0.31323516  0.21837379 -0.56773232 -0.43552064  1.09392726
  -0.93088929  0.03396799 -2.23115311  0.62372744  0.96947651  0.86548596
   1.11074202 -0.44300267  0.26417284 -0.44042036 -0.92984546  2.58286857
  -0.1508228  -0.02282173]
 [-0.67781967 -0.77411714 -0.43943998  1.01854982  1.14695275 -0.61488696
  -0.82701578  0.71386565  0.13822814  0.58571225  0.51844363  0.25305892
  -0.79137954 -0.2331085  -0.14126718  1.10680105 -0.42314018 -0.97831866
  -1.16670129  0.6771212 ]
 [ 1.38506702 -1.0281058  -1.79847339  0.85669257  2.06120813 -0.09527866
  -0.23905035  0.15004846 -1.33219619  1.15733201 -0.11836583 -1.29177545
  -0.15674693 -0.09503453 -0.83225952 -1.68104214  0.1965726  -1.87494761
  -1.3865482   2.35778143]
 [-0.49920286 -1.11862021 -1.20541375 -1.09229501  0.59210883 -0.11363245
  -0.51210754 -0.05821062 -0.97021005 -0.80550607 -0.6357338   0.29475694
   0.15467334  1.34860895  0.79660472  0.50915624 -0.52686833 -0.59093438
   0.97163884 -0.70244919]
 [ 0.10362006  0.16040205 -0.43045046  0.54652023 -0.3272988   1.02409029
  -2.36801849  0.33615137 -0.50092461  0.22059752  1.50248093 -1.03859251
   0.11568589 -0.29564723 -1.08299971 -0.20322799  0.23336553 -0.00779569
  -1.44778326 -1.25677196]
 [-1.926281   -2.85307313  1.28046236  0.15437703 -0.36807649 -1.00733082
   0.67215445  2.00971157  0.68582118  0.1082839   0.19552157 -0.66129196
   0.5313851  -1.30331582 -0.23401002  0.34560575  1.2715584   0.20064058
   0.2313385   0.06496778]]
////////////////////////////////////////////////////////////
////////////////////////////////////////////////////////////
Batch 3
Parametri:
[[-0.19428846  0.78885515 -0.14189573 -0.6627297   0.86783923  1.1766486
  -2.5489723   1.88004218 -1.48420822  1.45477878  1.11926036  0.26294594
   1.59676489 -0.39882456  0.83348626  1.54962551  0.08263979 -0.99354749
  -1.42033737  1.03849033]
 [-0.31872811 -0.90165811 -0.46043349  0.19006186  0.29018264 -1.56595024
  -1.42188822 -0.03330044 -1.33336422  0.06096493 -2.13978414  0.42573467
   0.36364859  0.67194722  1.53367011  0.46296246 -0.1042286  -1.48464725
  -0.77388967 -2.47306405]
 [-0.1454803   0.38721659 -0.28129801 -1.37964333 -0.01511847  0.31611702
  -0.63324419  1.14615996  0.80704731 -0.26913203  0.75664538 -0.22466381
   0.41438416 -0.02931526 -0.83087479 -1.34146984  0.03933721  2.25381558
  -0.71574382  0.62449972]
 [ 0.00431388  0.95607638  1.98912097 -1.78002437  0.50091804 -0.09904102
   2.13383005  0.29974274 -0.53069902  0.68668004 -0.57496947 -1.37787248
   0.24137386 -2.264172   -0.5360801  -0.25219484  2.38878135  0.3181304
  -1.88198835 -1.22389681]
 [-0.6494397   0.90328589  0.61354668  0.54992546 -0.07795423  0.24684802
  -0.32813442  1.94525327  0.15601905  1.60330585 -1.2304932   0.25527707
  -0.1794523  -1.34788594 -0.19923459 -0.6410455   0.81445943  1.35178625
  -1.41357106 -1.95645763]
 [-0.93256693 -0.60874783  0.76008034  0.26809102 -0.66612459  0.3469459
   0.04993645 -2.3406099  -0.61535794 -0.86975956 -0.74199797  1.0317105
   0.3043013  -0.72814535  1.18191471 -0.56680276 -0.63822427  1.01308687
  -0.42515031 -0.33007238]
 [ 0.85448248 -1.33793902  0.94347299  2.2419493   0.95606321  1.56202536
  -2.06876257 -0.32727445 -0.10865957 -2.03780605  0.01005024 -0.65492927
   1.77720583  0.90047307  0.78938977  0.66822692  0.71105764  0.54618514
   0.56916787  0.42079141]
 [-0.230769    1.04836213 -2.06535947 -1.6864415   0.78608339 -1.83722251
   0.10218984  1.85996378 -1.41502911 -0.09780016 -0.11752988  0.46089449
   0.83105844 -0.12760687  0.47233251 -0.39623877  0.45816424 -1.35665356
   0.90827816 -1.01395248]
 [-0.16535788 -0.80355784 -0.76333112  1.22273323 -1.23001989  0.26293212
  -0.81548703 -0.65609445  2.85874761 -0.0399487   0.07377148 -2.08925838
   1.45775294 -1.86649186 -0.98127463  1.20342686 -0.59494186 -1.00303061
   1.65630605 -1.43599549]
 [ 1.4815139  -1.49318856 -0.95710327  0.06039181 -0.50090489 -0.26664731
   0.94455459  0.42040259  0.12981598 -2.03296308  0.60168117 -0.37957992
  -0.30089634  0.11466235 -1.75678088 -0.55543254 -1.04448242  0.52156296
  -1.47844875  0.53371285]
 [-0.31201899  1.6076492   0.8526134   2.69136096 -0.85801158 -0.71565635
  -0.97061205  0.36228574  1.38514297  0.23917767  1.65577351 -0.8842724
   0.04641065 -0.09968266  1.22933463  0.37083515  0.45677563 -0.09429683
   0.3232891  -0.30577901]
 [ 0.88676526  0.82882305  0.86803629 -0.2771837   0.30094969  0.7352977
   0.12163116  0.42481383 -0.40133158 -0.80271959  1.66215428  0.10442446
   0.89173277  0.11931405  1.27436315  1.27887417 -0.52516615 -1.17738847
  -0.03727879  1.05797931]
 [ 0.32814412  0.2824919   0.94391496  0.70929421 -0.80836385 -0.40997095
  -0.27309998 -0.76643091 -0.11112014  0.65061962  0.56343588  0.42847121
   1.22653186  0.12947575 -1.24948925  0.83717854 -1.02809314 -0.03900576
  -0.5604153   1.12266227]
 [-2.57486899 -0.44004538 -0.77930075  0.06816643 -0.70925992 -0.05366078
  -2.20150742 -0.3671861   0.36782408 -0.23858188  0.84677094 -0.4756952
  -1.10073709  1.72694788  0.06015462  1.17985588 -0.46279186  2.06759954
  -0.41543043 -0.01716498]
 [-0.16345812  0.31323516  0.21837379 -0.56773232 -0.43552064  1.09392726
  -0.93088929  0.03396799 -2.23115311  0.62372744  0.96947651  0.86548596
   1.11074202 -0.44300267  0.26417284 -0.44042036 -0.92984546  2.58286857
  -0.1508228  -0.02282173]
 [-0.67781967 -0.77411714 -0.43943998  1.01854982  1.14695275 -0.61488696
  -0.82701578  0.71386565  0.13822814  0.58571225  0.51844363  0.25305892
  -0.79137954 -0.2331085  -0.14126718  1.10680105 -0.42314018 -0.97831866
  -1.16670129  0.6771212 ]
 [ 1.38506702 -1.0281058  -1.79847339  0.85669257  2.06120813 -0.09527866
  -0.23905035  0.15004846 -1.33219619  1.15733201 -0.11836583 -1.29177545
  -0.15674693 -0.09503453 -0.83225952 -1.68104214  0.1965726  -1.87494761
  -1.3865482   2.35778143]
 [-0.49920286 -1.11862021 -1.20541375 -1.09229501  0.59210883 -0.11363245
  -0.51210754 -0.05821062 -0.97021005 -0.80550607 -0.6357338   0.29475694
   0.15467334  1.34860895  0.79660472  0.50915624 -0.52686833 -0.59093438
   0.97163884 -0.70244919]
 [ 0.10362006  0.16040205 -0.43045046  0.54652023 -0.3272988   1.02409029
  -2.36801849  0.33615137 -0.50092461  0.22059752  1.50248093 -1.03859251
   0.11568589 -0.29564723 -1.08299971 -0.20322799  0.23336553 -0.00779569
  -1.44778326 -1.25677196]
 [-1.926281   -2.85307313  1.28046236  0.15437703 -0.36807649 -1.00733082
   0.67215445  2.00971157  0.68582118  0.1082839   0.19552157 -0.66129196
   0.5313851  -1.30331582 -0.23401002  0.34560575  1.2715584   0.20064058
   0.2313385   0.06496778]]
////////////////////////////////////////////////////////////
============================================================
Parametri finali:
[[-0.19428846  0.78885515 -0.14189573 -0.6627297   0.86783923  1.1766486
  -2.5489723   1.88004218 -1.48420822  1.45477878  1.11926036  0.26294594
   1.59676489 -0.39882456  0.83348626  1.54962551  0.08263979 -0.99354749
  -1.42033737  1.03849033]
 [-0.31872811 -0.90165811 -0.46043349  0.19006186  0.29018264 -1.56595024
  -1.42188822 -0.03330044 -1.33336422  0.06096493 -2.13978414  0.42573467
   0.36364859  0.67194722  1.53367011  0.46296246 -0.1042286  -1.48464725
  -0.77388967 -2.47306405]
 [-0.1454803   0.38721659 -0.28129801 -1.37964333 -0.01511847  0.31611702
  -0.63324419  1.14615996  0.80704731 -0.26913203  0.75664538 -0.22466381
   0.41438416 -0.02931526 -0.83087479 -1.34146984  0.03933721  2.25381558
  -0.71574382  0.62449972]
 [ 0.00431388  0.95607638  1.98912097 -1.78002437  0.50091804 -0.09904102
   2.13383005  0.29974274 -0.53069902  0.68668004 -0.57496947 -1.37787248
   0.24137386 -2.264172   -0.5360801  -0.25219484  2.38878135  0.3181304
  -1.88198835 -1.22389681]
 [-0.6494397   0.90328589  0.61354668  0.54992546 -0.07795423  0.24684802
  -0.32813442  1.94525327  0.15601905  1.60330585 -1.2304932   0.25527707
  -0.1794523  -1.34788594 -0.19923459 -0.6410455   0.81445943  1.35178625
  -1.41357106 -1.95645763]
 [-0.93256693 -0.60874783  0.76008034  0.26809102 -0.66612459  0.3469459
   0.04993645 -2.3406099  -0.61535794 -0.86975956 -0.74199797  1.0317105
   0.3043013  -0.72814535  1.18191471 -0.56680276 -0.63822427  1.01308687
  -0.42515031 -0.33007238]
 [ 0.85448248 -1.33793902  0.94347299  2.2419493   0.95606321  1.56202536
  -2.06876257 -0.32727445 -0.10865957 -2.03780605  0.01005024 -0.65492927
   1.77720583  0.90047307  0.78938977  0.66822692  0.71105764  0.54618514
   0.56916787  0.42079141]
 [-0.230769    1.04836213 -2.06535947 -1.6864415   0.78608339 -1.83722251
   0.10218984  1.85996378 -1.41502911 -0.09780016 -0.11752988  0.46089449
   0.83105844 -0.12760687  0.47233251 -0.39623877  0.45816424 -1.35665356
   0.90827816 -1.01395248]
 [-0.16535788 -0.80355784 -0.76333112  1.22273323 -1.23001989  0.26293212
  -0.81548703 -0.65609445  2.85874761 -0.0399487   0.07377148 -2.08925838
   1.45775294 -1.86649186 -0.98127463  1.20342686 -0.59494186 -1.00303061
   1.65630605 -1.43599549]
 [ 1.4815139  -1.49318856 -0.95710327  0.06039181 -0.50090489 -0.26664731
   0.94455459  0.42040259  0.12981598 -2.03296308  0.60168117 -0.37957992
  -0.30089634  0.11466235 -1.75678088 -0.55543254 -1.04448242  0.52156296
  -1.47844875  0.53371285]
 [-0.31201899  1.6076492   0.8526134   2.69136096 -0.85801158 -0.71565635
  -0.97061205  0.36228574  1.38514297  0.23917767  1.65577351 -0.8842724
   0.04641065 -0.09968266  1.22933463  0.37083515  0.45677563 -0.09429683
   0.3232891  -0.30577901]
 [ 0.88676526  0.82882305  0.86803629 -0.2771837   0.30094969  0.7352977
   0.12163116  0.42481383 -0.40133158 -0.80271959  1.66215428  0.10442446
   0.89173277  0.11931405  1.27436315  1.27887417 -0.52516615 -1.17738847
  -0.03727879  1.05797931]
 [ 0.32814412  0.2824919   0.94391496  0.70929421 -0.80836385 -0.40997095
  -0.27309998 -0.76643091 -0.11112014  0.65061962  0.56343588  0.42847121
   1.22653186  0.12947575 -1.24948925  0.83717854 -1.02809314 -0.03900576
  -0.5604153   1.12266227]
 [-2.57486899 -0.44004538 -0.77930075  0.06816643 -0.70925992 -0.05366078
  -2.20150742 -0.3671861   0.36782408 -0.23858188  0.84677094 -0.4756952
  -1.10073709  1.72694788  0.06015462  1.17985588 -0.46279186  2.06759954
  -0.41543043 -0.01716498]
 [-0.16345812  0.31323516  0.21837379 -0.56773232 -0.43552064  1.09392726
  -0.93088929  0.03396799 -2.23115311  0.62372744  0.96947651  0.86548596
   1.11074202 -0.44300267  0.26417284 -0.44042036 -0.92984546  2.58286857
  -0.1508228  -0.02282173]
 [-0.67781967 -0.77411714 -0.43943998  1.01854982  1.14695275 -0.61488696
  -0.82701578  0.71386565  0.13822814  0.58571225  0.51844363  0.25305892
  -0.79137954 -0.2331085  -0.14126718  1.10680105 -0.42314018 -0.97831866
  -1.16670129  0.6771212 ]
 [ 1.38506702 -1.0281058  -1.79847339  0.85669257  2.06120813 -0.09527866
  -0.23905035  0.15004846 -1.33219619  1.15733201 -0.11836583 -1.29177545
  -0.15674693 -0.09503453 -0.83225952 -1.68104214  0.1965726  -1.87494761
  -1.3865482   2.35778143]
 [-0.49920286 -1.11862021 -1.20541375 -1.09229501  0.59210883 -0.11363245
  -0.51210754 -0.05821062 -0.97021005 -0.80550607 -0.6357338   0.29475694
   0.15467334  1.34860895  0.79660472  0.50915624 -0.52686833 -0.59093438
   0.97163884 -0.70244919]
 [ 0.10362006  0.16040205 -0.43045046  0.54652023 -0.3272988   1.02409029
  -2.36801849  0.33615137 -0.50092461  0.22059752  1.50248093 -1.03859251
   0.11568589 -0.29564723 -1.08299971 -0.20322799  0.23336553 -0.00779569
  -1.44778326 -1.25677196]
 [-1.926281   -2.85307313  1.28046236  0.15437703 -0.36807649 -1.00733082
   0.67215445  2.00971157  0.68582118  0.1082839   0.19552157 -0.66129196
   0.5313851  -1.30331582 -0.23401002  0.34560575  1.2715584   0.20064058
   0.2313385   0.06496778]]
============================================================
============================================================
Epoch 1
////////////////////////////////////////////////////////////
Batch 1
Parametri:
[[ 0.44216837  1.52635826 -1.50470042 -0.31892111 -0.51220438  0.48824876
  -0.1786474   0.19465299 -1.27348984 -0.08820243 -2.25357312 -0.16877357
  -1.27292642  0.85149332 -0.47283279 -0.12024455  0.89143519  2.62329536
   1.31575907  1.54162374]
 [-0.13083041 -0.58402656 -1.1774671   0.01030037  1.49575552  1.9251089
  -0.27734635  0.95266456 -1.16011098  0.66731431  0.12862425  0.3480171
  -0.01872213 -1.01111403  1.81678595  1.48160597 -0.87033503 -1.31455283
   0.43456594 -0.59052954]
 [-0.23546287 -0.0829008   0.11229596  1.67406082 -1.13897864  0.72736529
   0.69100161  1.34569416  0.84770069  1.72405404 -0.18073007 -1.09447395
   2.50158511 -0.20524064 -0.20248286 -2.54278846 -1.12385539 -1.38237903
   2.12137314  0.74823479]
 [ 1.18844322 -1.23019123 -0.01585798  0.63295059 -0.05874439  0.18962912
   1.29843934 -0.65052774  1.06031402 -1.14276892  0.12995438  0.00868211
  -0.20022869  1.85087137  0.4464861  -1.98698033 -2.04189605  0.4734711
  -0.88119194 -0.46915589]
 [ 2.05581075 -0.01040563 -0.55453886  0.06695635 -1.10845924  0.73093982
  -0.76026711 -1.04764761  0.78211543 -0.21337629  0.26460946 -0.09844175
  -1.45468821 -0.20831918  1.58816514 -0.76231088 -0.9123922  -0.01339174
   1.19071003  0.29362804]
 [ 1.208178   -0.9303373   1.00940732  1.92502075 -0.74723836  0.54903587
   0.64542515 -0.89015328 -0.5615905  -0.25446321 -0.58371554 -1.54456814
  -2.23355106  1.02997746 -1.04427627 -0.48378201  0.22755091  0.62295194
   1.02414271  1.11258004]
 [-0.21003581 -2.27562791 -0.19859164  1.97751902  0.75788389  1.34568242
  -1.42709129 -1.68929289  0.04433695 -0.78624812 -0.94389133 -0.05186462
   0.34840248 -0.14732568  0.32229596  0.68143963  3.00366998  1.73234906
   0.59361523  0.705262  ]
 [ 1.23150396  0.11176149  0.83849826 -0.38053842  1.40847226  1.05376198
   0.84910531  1.7954283  -0.03472376 -0.34664927 -0.62810103 -0.09370722
  -0.48666359  0.89731218  0.48565127 -0.24081385 -0.66995406  1.95092484
  -1.81225798 -0.29649278]
 [ 1.67843721 -0.11532497 -0.94041268  0.40267764 -1.24882293 -1.07947282
  -1.23503303  1.08838452  0.6180193  -0.07857168  0.16196846 -0.73990455
   0.71811402 -0.51874696  0.46588683 -0.72916727  0.98555852  0.55023555
  -0.13519546  0.60694398]
 [ 1.93118918 -1.22602872  1.28307879 -0.80797122 -0.29252163  0.24591463
  -0.20924402  0.38236711  1.73338277 -0.29056447 -0.16792299  2.08190796
   0.13211065  1.22311256 -0.57759209 -1.21576234  0.10297059 -1.09853233
  -0.6055461   1.29562518]
 [-0.22241263 -0.52072311 -0.82911671 -0.3183307  -0.77034045 -0.19949411
   0.42385037  0.74163997  1.32598144  0.714301    1.37486751 -1.79730536
  -0.19981813 -1.20508344  0.90967731 -0.53296006  1.76083762  1.61110952
  -0.5786566  -0.92129029]
 [ 0.2129763   0.08442898  0.69722506  0.28284578  1.10754009 -1.67018944
  -1.11026787  0.05952644 -0.63890335 -0.60288089 -0.28566065 -0.84444621
   0.34520588 -1.46136989  2.13173121  1.92390479 -0.09034523 -0.09954602
   0.46716512  0.71558964]
 [-0.09063633  0.12215596  0.91255002  1.02005223  0.0676093  -0.06273514
   1.77307837 -1.04737632  0.49767884 -2.26459423  1.14879715  0.24777103
  -1.62014208  0.77179977  0.84647936  1.31111802 -0.57604011 -0.28165304
  -0.97777864 -0.92993902]
 [ 0.6836859   0.73100242  2.06912106  1.3775211   0.52002416 -1.78607947
   1.37415236  0.70937918  1.38401003 -1.77256131  0.78596024  0.25906147
   0.60432674  1.51566661  0.86845018  0.0345512  -0.09815641 -0.18360573
  -2.59964461  0.10423834]
 [ 0.67312909 -0.50451194  0.06148592  0.13444285 -1.61564744  1.26131181
  -1.33416992  0.12592665 -3.16589294  0.07036021 -1.19346713  0.48149721
   0.415193   -0.32390346  0.42185548  0.81296917  0.52503637 -0.75941702
   1.59568904  0.18969756]
 [-0.81904072 -0.42810957 -1.84386195 -1.2448688   0.47806534 -0.36637465
   0.81107777  0.16589527  1.3068605  -1.38491984 -1.86333387  1.55523095
  -0.70627196 -0.7450952  -0.37533009 -0.0876983   1.30630803 -1.26780589
  -0.36688972  3.22669645]
 [ 0.24843453  0.26386998  0.47651082 -1.6080156   1.06952773  0.06689262
   0.09211434 -0.24785936  0.46930509  1.02154762  0.37560527 -0.5904231
   0.56372382  1.38903106  0.44231398  2.10967807  1.16610793 -0.78240122
   1.05693094 -0.86867385]
 [-0.25056276  0.89100781  1.20762569 -0.31432743  0.51744546  1.90955185
   1.67179417  0.33054022 -0.96711511 -1.39351853 -1.40021649 -0.30118584
  -0.96573304 -1.06865521 -1.15520124 -0.96982463  1.75290221  0.16654313
  -2.16337255  0.62894593]
 [ 1.90057013 -0.3216832  -0.92241782  0.05832884 -1.25090922 -0.70387908
   0.74168689 -1.49813794 -0.12962665 -0.09673755  1.58019806 -0.82926844
  -0.73860755 -0.30916511  0.1665719   0.66060568 -0.21026763  1.4813481
  -0.28056726  0.04182029]
 [-1.0748405   0.11676871 -0.73959169  0.35660928 -1.38378111 -0.63648063
  -0.33147343  1.31263837  0.16170255 -1.46035169 -0.10880321 -0.49187313
   0.10588333 -0.29472444  1.69169697 -1.05149344  0.40687141 -0.7672268
  -0.46936431  1.63682543]]
////////////////////////////////////////////////////////////
////////////////////////////////////////////////////////////
Batch 2
Parametri:
[[ 0.44229688  1.5262182  -1.50456503 -0.31906191 -0.51232104  0.48810762
  -0.17850641  0.19459204 -1.27361712 -0.08834356 -2.25343178 -0.16890988
  -1.27306762  0.85135226 -0.47269181 -0.12010522  0.89130933  2.62315411
   1.31561766  1.541765  ]
 [-0.13097156 -0.5841673  -1.17760823  0.01044141  1.49589608  1.92496783
  -0.27720703  0.95252944 -1.15997033  0.66745481  0.12876547  0.34787829
  -0.01858105 -1.0112551   1.81692716  1.48146461 -0.87019371 -1.31469418
   0.43442465 -0.59039534]
 [-0.23554768 -0.08301505  0.11243721  1.67420188 -1.13883881  0.72749751
   0.69114238  1.34555499  0.84755946  1.72418545 -0.18058889 -1.09433341
   2.50146231 -0.20538058 -0.20262346 -2.54292977 -1.12399675 -1.38223776
   2.12123176  0.74809401]
 [ 1.18830465 -1.23033234 -0.01571859  0.63309165 -0.05888565  0.1897588
   1.29858034 -0.65049328  1.0602076  -1.14264922  0.12982239  0.00882218
  -0.20036286  1.85101161  0.44662748 -1.98708782 -2.04175477  0.47332976
  -0.88133323 -0.46929726]
 [ 2.05566936 -0.01034092 -0.55468022  0.06709751 -1.10831821  0.73108002
  -0.76012582 -1.04773991  0.78207937 -0.21323554  0.26446977 -0.09854369
  -1.4548148  -0.20845181  1.58830197 -0.76217051 -0.91253327 -0.01325466
   1.19085137  0.29349132]
 [ 1.2083194  -0.93019645  1.00954817  1.92487938 -0.74737964  0.54910246
   0.64529186 -0.89029438 -0.56148176 -0.25459442 -0.58385641 -1.5446813
  -2.23364288  1.0301175  -1.04441739 -0.48391984  0.22746753  0.62309174
   1.02428207  1.11243894]
 [-0.21017717 -2.27548787 -0.19845133  1.97737764  0.75774253  1.3458238
  -1.42695346 -1.68943408  0.04419578 -0.78638781 -0.94402792 -0.05172455
   0.34854249 -0.14718543  0.32243719  0.6815568   3.00352876  1.73223414
   0.59347501  0.70512076]
 [ 1.23136427  0.11162026  0.83836767 -0.38039925  1.40833106  1.05368416
   0.84924669  1.79528735 -0.03458306 -0.34678983 -0.62796046 -0.09375262
  -0.48652548  0.89745208  0.48576815 -0.24095041 -0.6698128   1.95078693
  -1.81238951 -0.29635623]
 [ 1.67857095 -0.11546555 -0.94055293  0.40281834 -1.24896423 -1.07960981
  -1.23517395  1.08840427  0.61815898 -0.07871247  0.16210827 -0.73981473
   0.71825474 -0.51885108  0.46602739 -0.72912878  0.98541716  0.55015918
  -0.13533686  0.60700222]
 [ 1.93108084 -1.22602872  1.2832202  -0.80797122 -0.29266297  0.24591463
  -0.20916882  0.38236711  1.73324226 -0.29056447 -0.16805161  2.08190796
   0.13224034  1.22311256 -0.57766076 -1.21576234  0.10283006 -1.09853233
  -0.60568734  1.29562518]
 [-0.22241263 -0.52072311 -0.82911671 -0.3183307  -0.77034045 -0.19949411
   0.42385037  0.74163997  1.32598144  0.714301    1.37486751 -1.79730536
  -0.19981813 -1.20508344  0.90967731 -0.53296006  1.76083762  1.61110952
  -0.5786566  -0.92129029]
 [ 0.2129763   0.08442898  0.69722506  0.28284578  1.10754009 -1.67018944
  -1.11026787  0.05952644 -0.63890335 -0.60288089 -0.28566065 -0.84444621
   0.34520588 -1.46136989  2.13173121  1.92390479 -0.09034523 -0.09954602
   0.46716512  0.71558964]
 [-0.09063633  0.12215596  0.91255002  1.02005223  0.0676093  -0.06273514
   1.77307837 -1.04737632  0.49767884 -2.26459423  1.14879715  0.24777103
  -1.62014208  0.77179977  0.84647936  1.31111802 -0.57604011 -0.28165304
  -0.97777864 -0.92993902]
 [ 0.6836859   0.73100242  2.06912106  1.3775211   0.52002416 -1.78607947
   1.37415236  0.70937918  1.38401003 -1.77256131  0.78596024  0.25906147
   0.60432674  1.51566661  0.86845018  0.0345512  -0.09815641 -0.18360573
  -2.59964461  0.10423834]
 [ 0.67312909 -0.50451194  0.06148592  0.13444285 -1.61564744  1.26131181
  -1.33416992  0.12592665 -3.16589294  0.07036021 -1.19346713  0.48149721
   0.415193   -0.32390346  0.42185548  0.81296917  0.52503637 -0.75941702
   1.59568904  0.18969756]
 [-0.81904072 -0.42810957 -1.84386195 -1.2448688   0.47806534 -0.36637465
   0.81107777  0.16589527  1.3068605  -1.38491984 -1.86333387  1.55523095
  -0.70627196 -0.7450952  -0.37533009 -0.0876983   1.30630803 -1.26780589
  -0.36688972  3.22669645]
 [ 0.24843453  0.26386998  0.47651082 -1.6080156   1.06952773  0.06689262
   0.09211434 -0.24785936  0.46930509  1.02154762  0.37560527 -0.5904231
   0.56372382  1.38903106  0.44231398  2.10967807  1.16610793 -0.78240122
   1.05693094 -0.86867385]
 [-0.25056276  0.89100781  1.20762569 -0.31432743  0.51744546  1.90955185
   1.67179417  0.33054022 -0.96711511 -1.39351853 -1.40021649 -0.30118584
  -0.96573304 -1.06865521 -1.15520124 -0.96982463  1.75290221  0.16654313
  -2.16337255  0.62894593]
 [ 1.90057013 -0.3216832  -0.92241782  0.05832884 -1.25090922 -0.70387908
   0.74168689 -1.49813794 -0.12962665 -0.09673755  1.58019806 -0.82926844
  -0.73860755 -0.30916511  0.1665719   0.66060568 -0.21026763  1.4813481
  -0.28056726  0.04182029]
 [-1.0748405   0.11676871 -0.73959169  0.35660928 -1.38378111 -0.63648063
  -0.33147343  1.31263837  0.16170255 -1.46035169 -0.10880321 -0.49187313
   0.10588333 -0.29472444  1.69169697 -1.05149344  0.40687141 -0.7672268
  -0.46936431  1.63682543]]
////////////////////////////////////////////////////////////
////////////////////////////////////////////////////////////
Batch 3
Parametri:
[[ 0.44215557  1.52635908 -1.50442424 -0.31919378 -0.51246229  0.4881424
  -0.17864649  0.19445606 -1.27375851 -0.08848492 -2.25352259 -0.16898678
  -1.27320861  0.85123238 -0.47255053 -0.12024238  0.89116816  2.62329539
   1.31575893  1.54163583]
 [-0.13083023 -0.58402627 -1.17746758  0.01030038  1.49575493  1.92510868
  -0.27706775  0.95266617 -1.15982912  0.66731908  0.12862885  0.34777466
  -0.01871979 -1.01137701  1.81706808  1.48160293 -0.87005241 -1.3145528
   0.43456588 -0.59053446]
 [-0.235689   -0.08287416  0.11257847  1.67406078 -1.13897978  0.72762978
   0.69100102  1.34569614  0.84770086  1.72404418 -0.18044772 -1.09419213
   2.50160351 -0.2052406  -0.20248224 -2.54307098 -1.12385603 -1.38209661
   2.12137294  0.74795357]
 [ 1.18816353 -1.23019096 -0.01557738  0.63295055 -0.0590233   0.18989415
   1.29843926 -0.65035189  1.06006705 -1.14278886  0.12990287  0.00896338
  -0.20050348  1.85087239  0.44676861 -1.98700549 -2.04161338  0.47327045
  -0.88147376 -0.46943351]
 [ 2.05581005 -0.01047812 -0.55482154  0.06695861 -1.10845863  0.73093943
  -0.76026712 -1.04788106  0.78222058 -0.21309456  0.26432891 -0.09868462
  -1.45467378 -0.20858755  1.58816128 -0.76231052 -0.91239187 -0.01311669
   1.19071005  0.29335022]
 [ 1.20817975 -0.93032366  1.00968858  1.92473846 -0.74723827  0.54924213
   0.64515045 -0.89043269 -0.5613442  -0.25473563 -0.58380976 -1.54454003
  -2.23350936  1.03025744 -1.04429076 -0.4837802   0.22760827  0.62322648
   1.02442274  1.11258015]
 [-0.21003589 -2.27561351 -0.19858867  1.9772365   0.75788385  1.34568293
  -1.42681206 -1.6892991   0.04405445 -0.786529   -0.9441679  -0.05186434
   0.34858705 -0.14732507  0.32229599  0.68169161  3.0036563   1.73224322
   0.59361601  0.70526166]
 [ 1.2315054   0.11147959  0.83850886 -0.38053959  1.40819128  1.05355186
   0.84911398  1.79542687 -0.03444477 -0.34693086 -0.62810087 -0.09361943
  -0.48638853  0.89742678  0.485628   -0.24099659 -0.66972213  1.95066367
  -1.81224814 -0.29642206]
 [ 1.67842973 -0.11560622 -0.94069425  0.40267974 -1.24882753 -1.07952231
  -1.23503271  1.08854441  0.61830014 -0.07857344  0.16198366 -0.73971018
   0.71837948 -0.51889164  0.46594008 -0.72925228  0.98555656  0.5502122
  -0.13519582  0.60693695]
 [ 1.93121866 -1.22602872  1.28336161 -0.80797122 -0.29279983  0.24591463
  -0.20902744  0.38236711  1.7331146  -0.29056447 -0.1679126   2.08190796
   0.13221945  1.22311256 -0.57780166 -1.21576234  0.10271755 -1.09853233
  -0.60555182  1.29562518]
 [-0.22241263 -0.52072311 -0.82911671 -0.3183307  -0.77034045 -0.19949411
   0.42385037  0.74163997  1.32598144  0.714301    1.37486751 -1.79730536
  -0.19981813 -1.20508344  0.90967731 -0.53296006  1.76083762  1.61110952
  -0.5786566  -0.92129029]
 [ 0.2129763   0.08442898  0.69722506  0.28284578  1.10754009 -1.67018944
  -1.11026787  0.05952644 -0.63890335 -0.60288089 -0.28566065 -0.84444621
   0.34520588 -1.46136989  2.13173121  1.92390479 -0.09034523 -0.09954602
   0.46716512  0.71558964]
 [-0.09063633  0.12215596  0.91255002  1.02005223  0.0676093  -0.06273514
   1.77307837 -1.04737632  0.49767884 -2.26459423  1.14879715  0.24777103
  -1.62014208  0.77179977  0.84647936  1.31111802 -0.57604011 -0.28165304
  -0.97777864 -0.92993902]
 [ 0.6836859   0.73100242  2.06912106  1.3775211   0.52002416 -1.78607947
   1.37415236  0.70937918  1.38401003 -1.77256131  0.78596024  0.25906147
   0.60432674  1.51566661  0.86845018  0.0345512  -0.09815641 -0.18360573
  -2.59964461  0.10423834]
 [ 0.67312909 -0.50451194  0.06148592  0.13444285 -1.61564744  1.26131181
  -1.33416992  0.12592665 -3.16589294  0.07036021 -1.19346713  0.48149721
   0.415193   -0.32390346  0.42185548  0.81296917  0.52503637 -0.75941702
   1.59568904  0.18969756]
 [-0.81904072 -0.42810957 -1.84386195 -1.2448688   0.47806534 -0.36637465
   0.81107777  0.16589527  1.3068605  -1.38491984 -1.86333387  1.55523095
  -0.70627196 -0.7450952  -0.37533009 -0.0876983   1.30630803 -1.26780589
  -0.36688972  3.22669645]
 [ 0.24843453  0.26386998  0.47651082 -1.6080156   1.06952773  0.06689262
   0.09211434 -0.24785936  0.46930509  1.02154762  0.37560527 -0.5904231
   0.56372382  1.38903106  0.44231398  2.10967807  1.16610793 -0.78240122
   1.05693094 -0.86867385]
 [-0.25056276  0.89100781  1.20762569 -0.31432743  0.51744546  1.90955185
   1.67179417  0.33054022 -0.96711511 -1.39351853 -1.40021649 -0.30118584
  -0.96573304 -1.06865521 -1.15520124 -0.96982463  1.75290221  0.16654313
  -2.16337255  0.62894593]
 [ 1.90057013 -0.3216832  -0.92241782  0.05832884 -1.25090922 -0.70387908
   0.74168689 -1.49813794 -0.12962665 -0.09673755  1.58019806 -0.82926844
  -0.73860755 -0.30916511  0.1665719   0.66060568 -0.21026763  1.4813481
  -0.28056726  0.04182029]
 [-1.0748405   0.11676871 -0.73959169  0.35660928 -1.38378111 -0.63648063
  -0.33147343  1.31263837  0.16170255 -1.46035169 -0.10880321 -0.49187313
   0.10588333 -0.29472444  1.69169697 -1.05149344  0.40687141 -0.7672268
  -0.46936431  1.63682543]]
////////////////////////////////////////////////////////////
============================================================
Epoch 2
////////////////////////////////////////////////////////////
Batch 1
Parametri:
[[ 0.44229016  1.52621942 -1.5042908  -0.31933506 -0.51232755  0.48823616
  -0.17850548  0.19458548 -1.27381535 -0.08834483 -2.25366385 -0.16888471
  -1.27308572  0.85137256 -0.47268631 -0.12037212  0.8913093   2.62316461
   1.31589948  1.54177634]
 [-0.13069    -0.58416603 -1.17732656  0.0103394   1.49589596  1.9252491
  -0.27720395  0.95280353 -1.15997044  0.66745268  0.12849105  0.34786335
  -0.01886113 -1.01151723  1.81720944  1.48156    -0.87019341 -1.31469364
   0.4344251  -0.59039324]
 [-0.23583004 -0.08301479  0.11271814  1.67392433 -1.13912093  0.7277551
   0.69085973  1.345557    0.84756018  1.72418536 -0.18030637 -1.09414227
   2.50171221 -0.20511401 -0.20262132 -2.54293088 -1.12399722 -1.38223775
   2.12151289  0.74781285]
 [ 1.18802224 -1.23005076 -0.01543859  0.63308483 -0.05910619  0.1900242
   1.29829793 -0.65021071  1.06020842 -1.14264758  0.12976157  0.00892273
  -0.20036222  1.85101091  0.44690984 -1.98714665 -2.04174857  0.47341154
  -0.88133315 -0.46929241]
 [ 2.05594888 -0.01061663 -0.55496257  0.06682723 -1.10831741  0.73079808
  -0.76012668 -1.0477404   0.78234121 -0.2130854   0.26418808 -0.09854344
  -1.45453257 -0.20844631  1.58802742 -0.76217204 -0.91253137 -0.01300805
   1.19057125  0.29349155]
 [ 1.20832104 -0.93046479  1.00982908  1.92461474 -0.74737812  0.54938349
   0.6452918  -0.89057122 -0.5614856  -0.2545958  -0.583677   -1.54468123
  -2.2336504   1.03039782 -1.04414946 -0.48365016  0.22746764  0.62328529
   1.0243853   1.11272147]
 [-0.21017617 -2.2757542  -0.19872981  1.97735656  0.75802414  1.34582432
  -1.42695314 -1.6894394   0.04391316 -0.78638926 -0.9440265  -0.05172303
   0.34872784 -0.14745477  0.32243137  0.68163976  3.00351974  1.73233943
   0.59347891  0.70540297]
 [ 1.23136417  0.11134597  0.83858513 -0.38043132  1.40831961  1.05368381
   0.8492551   1.79528561 -0.03430432 -0.3470669  -0.62824225 -0.09348913
  -0.48624745  0.89756321  0.48576884 -0.24110687 -0.66985688  1.950699
  -1.81238908 -0.29655375]
 [ 1.6782884  -0.11546488 -0.94055432  0.40276012 -1.24869901 -1.07939885
  -1.23494337  1.08842957  0.61815884 -0.07844783  0.16212502 -0.73983853
   0.71851741 -0.51896058  0.46580691 -0.72938601  0.98569673  0.55018576
  -0.13505818  0.60684132]
 [ 1.93107731 -1.22602872  1.28322088 -0.80797122 -0.29293646  0.24591463
  -0.20916653  0.38236711  1.73325601 -0.29056447 -0.16805296  2.08190796
   0.13208052  1.22311256 -0.5776613  -1.21576234  0.1025992  -1.09853233
  -0.60556831  1.29562518]
 [-0.22241263 -0.52072311 -0.82911671 -0.3183307  -0.77034045 -0.19949411
   0.42385037  0.74163997  1.32598144  0.714301    1.37486751 -1.79730536
  -0.19981813 -1.20508344  0.90967731 -0.53296006  1.76083762  1.61110952
  -0.5786566  -0.92129029]
 [ 0.2129763   0.08442898  0.69722506  0.28284578  1.10754009 -1.67018944
  -1.11026787  0.05952644 -0.63890335 -0.60288089 -0.28566065 -0.84444621
   0.34520588 -1.46136989  2.13173121  1.92390479 -0.09034523 -0.09954602
   0.46716512  0.71558964]
 [-0.09063633  0.12215596  0.91255002  1.02005223  0.0676093  -0.06273514
   1.77307837 -1.04737632  0.49767884 -2.26459423  1.14879715  0.24777103
  -1.62014208  0.77179977  0.84647936  1.31111802 -0.57604011 -0.28165304
  -0.97777864 -0.92993902]
 [ 0.6836859   0.73100242  2.06912106  1.3775211   0.52002416 -1.78607947
   1.37415236  0.70937918  1.38401003 -1.77256131  0.78596024  0.25906147
   0.60432674  1.51566661  0.86845018  0.0345512  -0.09815641 -0.18360573
  -2.59964461  0.10423834]
 [ 0.67312909 -0.50451194  0.06148592  0.13444285 -1.61564744  1.26131181
  -1.33416992  0.12592665 -3.16589294  0.07036021 -1.19346713  0.48149721
   0.415193   -0.32390346  0.42185548  0.81296917  0.52503637 -0.75941702
   1.59568904  0.18969756]
 [-0.81904072 -0.42810957 -1.84386195 -1.2448688   0.47806534 -0.36637465
   0.81107777  0.16589527  1.3068605  -1.38491984 -1.86333387  1.55523095
  -0.70627196 -0.7450952  -0.37533009 -0.0876983   1.30630803 -1.26780589
  -0.36688972  3.22669645]
 [ 0.24843453  0.26386998  0.47651082 -1.6080156   1.06952773  0.06689262
   0.09211434 -0.24785936  0.46930509  1.02154762  0.37560527 -0.5904231
   0.56372382  1.38903106  0.44231398  2.10967807  1.16610793 -0.78240122
   1.05693094 -0.86867385]
 [-0.25056276  0.89100781  1.20762569 -0.31432743  0.51744546  1.90955185
   1.67179417  0.33054022 -0.96711511 -1.39351853 -1.40021649 -0.30118584
  -0.96573304 -1.06865521 -1.15520124 -0.96982463  1.75290221  0.16654313
  -2.16337255  0.62894593]
 [ 1.90057013 -0.3216832  -0.92241782  0.05832884 -1.25090922 -0.70387908
   0.74168689 -1.49813794 -0.12962665 -0.09673755  1.58019806 -0.82926844
  -0.73860755 -0.30916511  0.1665719   0.66060568 -0.21026763  1.4813481
  -0.28056726  0.04182029]
 [-1.0748405   0.11676871 -0.73959169  0.35660928 -1.38378111 -0.63648063
  -0.33147343  1.31263837  0.16170255 -1.46035169 -0.10880321 -0.49187313
   0.10588333 -0.29472444  1.69169697 -1.05149344  0.40687141 -0.7672268
  -0.46936431  1.63682543]]
////////////////////////////////////////////////////////////
////////////////////////////////////////////////////////////
Batch 2
Parametri:
[[ 0.44241785  1.52607935 -1.5041555  -0.31947587 -0.51244194  0.48809502
  -0.17836449  0.19452524 -1.2739425  -0.08848597 -2.25352251 -0.16902098
  -1.27322693  0.8512315  -0.47254533 -0.12023279  0.89118432  2.62302336
   1.31575808  1.5419176 ]
 [-0.13083116 -0.58430677 -1.17746769  0.01048044  1.49603653  1.92510803
  -0.2770646   0.95266841 -1.1598298   0.66759318  0.12863226  0.34772457
  -0.01872006 -1.01165829  1.81735065  1.48141865 -0.8700521  -1.31483499
   0.43428382 -0.59025884]
 [-0.23591457 -0.08312905  0.11285939  1.67406538 -1.13898109  0.72788741
   0.6910005   1.34541782  0.84741896  1.72431669 -0.18016518 -1.09400173
   2.50158971 -0.20525395 -0.20276192 -2.54307219 -1.12413858 -1.38209648
   2.1213715   0.74767206]
 [ 1.18788368 -1.23019187 -0.01529919  0.63322588 -0.05924745  0.19015402
   1.29843893 -0.65018072  1.06010347 -1.1425282   0.12962945  0.00906278
  -0.20049641  1.85115115  0.44705122 -1.98725338 -2.04160728  0.47327021
  -0.88147444 -0.46943378]
 [ 2.0558075  -0.01055397 -0.55510394  0.06696839 -1.10817638  0.73093827
  -0.75998539 -1.04783565  0.78229985 -0.21294465  0.2640484  -0.09864519
  -1.45465962 -0.20857888  1.58816422 -0.76203166 -0.91267244 -0.01287093
   1.19071259  0.29335474]
 [ 1.20846243 -0.93032394  1.00996993  1.92447336 -0.74751941  0.54944491
   0.64515886 -0.89071232 -0.56137658 -0.25472693 -0.58381787 -1.54479459
  -2.23374343  1.03053785 -1.04429058 -0.48378799  0.22738542  0.6234251
   1.02452467  1.11258038]
 [-0.21031753 -2.27561415 -0.1985895   1.97721518  0.75788278  1.3459657
  -1.42681539 -1.68958059  0.04377199 -0.78652894 -0.94416298 -0.05158296
   0.34886786 -0.14731452  0.3225726   0.68175715  3.00337853  1.73222388
   0.59333869  0.70526172]
 [ 1.23122447  0.11120474  0.83845436 -0.38029215  1.40817841  1.05360481
   0.84939649  1.79514467 -0.03416362 -0.34720746 -0.62810167 -0.09353407
  -0.48610934  0.89770311  0.4858849  -0.24124343 -0.66971562  1.95056107
  -1.81252026 -0.2964172 ]
 [ 1.6784226  -0.11560546 -0.94069455  0.40290082 -1.24884031 -1.07953583
  -1.23508429  1.08844936  0.6182985  -0.07858862  0.16226483 -0.73974868
   0.71865813 -0.51906464  0.46594747 -0.72934775  0.98555537  0.55010958
  -0.13519958  0.60690048]
 [ 1.93096894 -1.22602872  1.28336229 -0.80797122 -0.2930778   0.24591463
  -0.20909132  0.38236711  1.7331155  -0.29056447 -0.16818162  2.08190796
   0.13221028  1.22311256 -0.57773026 -1.21576234  0.10245867 -1.09853233
  -0.60570955  1.29562518]
 [-0.22241263 -0.52072311 -0.82911671 -0.3183307  -0.77034045 -0.19949411
   0.42385037  0.74163997  1.32598144  0.714301    1.37486751 -1.79730536
  -0.19981813 -1.20508344  0.90967731 -0.53296006  1.76083762  1.61110952
  -0.5786566  -0.92129029]
 [ 0.2129763   0.08442898  0.69722506  0.28284578  1.10754009 -1.67018944
  -1.11026787  0.05952644 -0.63890335 -0.60288089 -0.28566065 -0.84444621
   0.34520588 -1.46136989  2.13173121  1.92390479 -0.09034523 -0.09954602
   0.46716512  0.71558964]
 [-0.09063633  0.12215596  0.91255002  1.02005223  0.0676093  -0.06273514
   1.77307837 -1.04737632  0.49767884 -2.26459423  1.14879715  0.24777103
  -1.62014208  0.77179977  0.84647936  1.31111802 -0.57604011 -0.28165304
  -0.97777864 -0.92993902]
 [ 0.6836859   0.73100242  2.06912106  1.3775211   0.52002416 -1.78607947
   1.37415236  0.70937918  1.38401003 -1.77256131  0.78596024  0.25906147
   0.60432674  1.51566661  0.86845018  0.0345512  -0.09815641 -0.18360573
  -2.59964461  0.10423834]
 [ 0.67312909 -0.50451194  0.06148592  0.13444285 -1.61564744  1.26131181
  -1.33416992  0.12592665 -3.16589294  0.07036021 -1.19346713  0.48149721
   0.415193   -0.32390346  0.42185548  0.81296917  0.52503637 -0.75941702
   1.59568904  0.18969756]
 [-0.81904072 -0.42810957 -1.84386195 -1.2448688   0.47806534 -0.36637465
   0.81107777  0.16589527  1.3068605  -1.38491984 -1.86333387  1.55523095
  -0.70627196 -0.7450952  -0.37533009 -0.0876983   1.30630803 -1.26780589
  -0.36688972  3.22669645]
 [ 0.24843453  0.26386998  0.47651082 -1.6080156   1.06952773  0.06689262
   0.09211434 -0.24785936  0.46930509  1.02154762  0.37560527 -0.5904231
   0.56372382  1.38903106  0.44231398  2.10967807  1.16610793 -0.78240122
   1.05693094 -0.86867385]
 [-0.25056276  0.89100781  1.20762569 -0.31432743  0.51744546  1.90955185
   1.67179417  0.33054022 -0.96711511 -1.39351853 -1.40021649 -0.30118584
  -0.96573304 -1.06865521 -1.15520124 -0.96982463  1.75290221  0.16654313
  -2.16337255  0.62894593]
 [ 1.90057013 -0.3216832  -0.92241782  0.05832884 -1.25090922 -0.70387908
   0.74168689 -1.49813794 -0.12962665 -0.09673755  1.58019806 -0.82926844
  -0.73860755 -0.30916511  0.1665719   0.66060568 -0.21026763  1.4813481
  -0.28056726  0.04182029]
 [-1.0748405   0.11676871 -0.73959169  0.35660928 -1.38378111 -0.63648063
  -0.33147343  1.31263837  0.16170255 -1.46035169 -0.10880321 -0.49187313
   0.10588333 -0.29472444  1.69169697 -1.05149344  0.40687141 -0.7672268
  -0.46936431  1.63682543]]
////////////////////////////////////////////////////////////
////////////////////////////////////////////////////////////
Batch 3
Parametri:
[[ 0.44227655  1.52622023 -1.5040147  -0.31960721 -0.51258319  0.48812836
  -0.17850455  0.1943893  -1.2740839  -0.08862732 -2.25361169 -0.16909777
  -1.27336791  0.8511114  -0.47240404 -0.12036997  0.89104315  2.62316464
   1.31589935  1.54178836]
 [-0.13068983 -0.58416574 -1.17732703  0.01033941  1.49589538  1.92524887
  -0.27692529  0.95280514 -1.1596886   0.66745741  0.12849566  0.34762119
  -0.0188588  -1.01178041  1.81749157  1.48155698 -0.86991079 -1.31469361
   0.43442504 -0.59039798]
 [-0.23605589 -0.08298816  0.11300065  1.67392429 -1.13912206  0.72801968
   0.69085914  1.34555897  0.84756035  1.72417543 -0.18002401 -1.09386046
   2.5017309  -0.20511396 -0.2026207  -2.54321339 -1.12399786 -1.38195533
   2.12151268  0.74753163]
 [ 1.18774256 -1.23005049 -0.01515799  0.63308478 -0.05938514  0.19028937
   1.29829786 -0.65003932  1.05996291 -1.14266782  0.12970987  0.00920399
  -0.20063703  1.85101195  0.44719235 -1.9871706  -2.0414659   0.47321631
  -0.88161499 -0.46956998]
 [ 2.0559482  -0.01069109 -0.55524525  0.06682953 -1.10831681  0.73079768
  -0.76012668 -1.0479768   0.78244106 -0.21280367  0.26390754 -0.09878612
  -1.4545186  -0.20871462  1.58802353 -0.76217168 -0.91253104 -0.01273298
   1.19057128  0.29321363]
 [ 1.20832279 -0.93045045  1.01011033  1.92433244 -0.74737804  0.54958458
   0.64501746 -0.89085072 -0.56123914 -0.25486814 -0.58377093 -1.54465332
  -2.23360995  1.0306778  -1.0441638  -0.48364834  0.22752616  0.62355981
   1.02466534  1.11272159]
 [-0.21017625 -2.27573897 -0.1987268   1.97707404  0.7580241   1.34582484
  -1.42667399 -1.68944582  0.04363067 -0.78667013 -0.94430296 -0.05172275
   0.34891251 -0.14745416  0.32243141  0.68189196  3.00350602  1.73223423
   0.5934797   0.70540263]
 [ 1.2313656   0.11106407  0.83859555 -0.38043248  1.40803859  1.0534726
   0.84926392  1.79528415 -0.0340253  -0.34734849 -0.62824208 -0.09340092
  -0.48597235  0.89767759  0.48574475 -0.24128909 -0.66962472  1.95043793
  -1.81237889 -0.2964823 ]
 [ 1.67828139 -0.11574614 -0.94083587  0.4027623  -1.24870356 -1.07944823
  -1.23494305  1.08858948  0.61843966 -0.07844959  0.16214046 -0.73964407
   0.71878283 -0.51910516  0.46585988 -0.72947124  0.98569477  0.55016252
  -0.13505854  0.60683555]
 [ 1.93110677 -1.22602872  1.2835037  -0.80797122 -0.29321467  0.24591463
  -0.20894994  0.38236711  1.73298796 -0.29056447 -0.1680426   2.08190796
   0.13218925  1.22311256 -0.57787117 -1.21576234  0.10234607 -1.09853233
  -0.605574    1.29562518]
 [-0.22241263 -0.52072311 -0.82911671 -0.3183307  -0.77034045 -0.19949411
   0.42385037  0.74163997  1.32598144  0.714301    1.37486751 -1.79730536
  -0.19981813 -1.20508344  0.90967731 -0.53296006  1.76083762  1.61110952
  -0.5786566  -0.92129029]
 [ 0.2129763   0.08442898  0.69722506  0.28284578  1.10754009 -1.67018944
  -1.11026787  0.05952644 -0.63890335 -0.60288089 -0.28566065 -0.84444621
   0.34520588 -1.46136989  2.13173121  1.92390479 -0.09034523 -0.09954602
   0.46716512  0.71558964]
 [-0.09063633  0.12215596  0.91255002  1.02005223  0.0676093  -0.06273514
   1.77307837 -1.04737632  0.49767884 -2.26459423  1.14879715  0.24777103
  -1.62014208  0.77179977  0.84647936  1.31111802 -0.57604011 -0.28165304
  -0.97777864 -0.92993902]
 [ 0.6836859   0.73100242  2.06912106  1.3775211   0.52002416 -1.78607947
   1.37415236  0.70937918  1.38401003 -1.77256131  0.78596024  0.25906147
   0.60432674  1.51566661  0.86845018  0.0345512  -0.09815641 -0.18360573
  -2.59964461  0.10423834]
 [ 0.67312909 -0.50451194  0.06148592  0.13444285 -1.61564744  1.26131181
  -1.33416992  0.12592665 -3.16589294  0.07036021 -1.19346713  0.48149721
   0.415193   -0.32390346  0.42185548  0.81296917  0.52503637 -0.75941702
   1.59568904  0.18969756]
 [-0.81904072 -0.42810957 -1.84386195 -1.2448688   0.47806534 -0.36637465
   0.81107777  0.16589527  1.3068605  -1.38491984 -1.86333387  1.55523095
  -0.70627196 -0.7450952  -0.37533009 -0.0876983   1.30630803 -1.26780589
  -0.36688972  3.22669645]
 [ 0.24843453  0.26386998  0.47651082 -1.6080156   1.06952773  0.06689262
   0.09211434 -0.24785936  0.46930509  1.02154762  0.37560527 -0.5904231
   0.56372382  1.38903106  0.44231398  2.10967807  1.16610793 -0.78240122
   1.05693094 -0.86867385]
 [-0.25056276  0.89100781  1.20762569 -0.31432743  0.51744546  1.90955185
   1.67179417  0.33054022 -0.96711511 -1.39351853 -1.40021649 -0.30118584
  -0.96573304 -1.06865521 -1.15520124 -0.96982463  1.75290221  0.16654313
  -2.16337255  0.62894593]
 [ 1.90057013 -0.3216832  -0.92241782  0.05832884 -1.25090922 -0.70387908
   0.74168689 -1.49813794 -0.12962665 -0.09673755  1.58019806 -0.82926844
  -0.73860755 -0.30916511  0.1665719   0.66060568 -0.21026763  1.4813481
  -0.28056726  0.04182029]
 [-1.0748405   0.11676871 -0.73959169  0.35660928 -1.38378111 -0.63648063
  -0.33147343  1.31263837  0.16170255 -1.46035169 -0.10880321 -0.49187313
   0.10588333 -0.29472444  1.69169697 -1.05149344  0.40687141 -0.7672268
  -0.46936431  1.63682543]]
////////////////////////////////////////////////////////////
============================================================
Parametri finali:
[[ 0.44227655  1.52622023 -1.5040147  -0.31960721 -0.51258319  0.48812836
  -0.17850455  0.1943893  -1.2740839  -0.08862732 -2.25361169 -0.16909777
  -1.27336791  0.8511114  -0.47240404 -0.12036997  0.89104315  2.62316464
   1.31589935  1.54178836]
 [-0.13068983 -0.58416574 -1.17732703  0.01033941  1.49589538  1.92524887
  -0.27692529  0.95280514 -1.1596886   0.66745741  0.12849566  0.34762119
  -0.0188588  -1.01178041  1.81749157  1.48155698 -0.86991079 -1.31469361
   0.43442504 -0.59039798]
 [-0.23605589 -0.08298816  0.11300065  1.67392429 -1.13912206  0.72801968
   0.69085914  1.34555897  0.84756035  1.72417543 -0.18002401 -1.09386046
   2.5017309  -0.20511396 -0.2026207  -2.54321339 -1.12399786 -1.38195533
   2.12151268  0.74753163]
 [ 1.18774256 -1.23005049 -0.01515799  0.63308478 -0.05938514  0.19028937
   1.29829786 -0.65003932  1.05996291 -1.14266782  0.12970987  0.00920399
  -0.20063703  1.85101195  0.44719235 -1.9871706  -2.0414659   0.47321631
  -0.88161499 -0.46956998]
 [ 2.0559482  -0.01069109 -0.55524525  0.06682953 -1.10831681  0.73079768
  -0.76012668 -1.0479768   0.78244106 -0.21280367  0.26390754 -0.09878612
  -1.4545186  -0.20871462  1.58802353 -0.76217168 -0.91253104 -0.01273298
   1.19057128  0.29321363]
 [ 1.20832279 -0.93045045  1.01011033  1.92433244 -0.74737804  0.54958458
   0.64501746 -0.89085072 -0.56123914 -0.25486814 -0.58377093 -1.54465332
  -2.23360995  1.0306778  -1.0441638  -0.48364834  0.22752616  0.62355981
   1.02466534  1.11272159]
 [-0.21017625 -2.27573897 -0.1987268   1.97707404  0.7580241   1.34582484
  -1.42667399 -1.68944582  0.04363067 -0.78667013 -0.94430296 -0.05172275
   0.34891251 -0.14745416  0.32243141  0.68189196  3.00350602  1.73223423
   0.5934797   0.70540263]
 [ 1.2313656   0.11106407  0.83859555 -0.38043248  1.40803859  1.0534726
   0.84926392  1.79528415 -0.0340253  -0.34734849 -0.62824208 -0.09340092
  -0.48597235  0.89767759  0.48574475 -0.24128909 -0.66962472  1.95043793
  -1.81237889 -0.2964823 ]
 [ 1.67828139 -0.11574614 -0.94083587  0.4027623  -1.24870356 -1.07944823
  -1.23494305  1.08858948  0.61843966 -0.07844959  0.16214046 -0.73964407
   0.71878283 -0.51910516  0.46585988 -0.72947124  0.98569477  0.55016252
  -0.13505854  0.60683555]
 [ 1.93110677 -1.22602872  1.2835037  -0.80797122 -0.29321467  0.24591463
  -0.20894994  0.38236711  1.73298796 -0.29056447 -0.1680426   2.08190796
   0.13218925  1.22311256 -0.57787117 -1.21576234  0.10234607 -1.09853233
  -0.605574    1.29562518]
 [-0.22241263 -0.52072311 -0.82911671 -0.3183307  -0.77034045 -0.19949411
   0.42385037  0.74163997  1.32598144  0.714301    1.37486751 -1.79730536
  -0.19981813 -1.20508344  0.90967731 -0.53296006  1.76083762  1.61110952
  -0.5786566  -0.92129029]
 [ 0.2129763   0.08442898  0.69722506  0.28284578  1.10754009 -1.67018944
  -1.11026787  0.05952644 -0.63890335 -0.60288089 -0.28566065 -0.84444621
   0.34520588 -1.46136989  2.13173121  1.92390479 -0.09034523 -0.09954602
   0.46716512  0.71558964]
 [-0.09063633  0.12215596  0.91255002  1.02005223  0.0676093  -0.06273514
   1.77307837 -1.04737632  0.49767884 -2.26459423  1.14879715  0.24777103
  -1.62014208  0.77179977  0.84647936  1.31111802 -0.57604011 -0.28165304
  -0.97777864 -0.92993902]
 [ 0.6836859   0.73100242  2.06912106  1.3775211   0.52002416 -1.78607947
   1.37415236  0.70937918  1.38401003 -1.77256131  0.78596024  0.25906147
   0.60432674  1.51566661  0.86845018  0.0345512  -0.09815641 -0.18360573
  -2.59964461  0.10423834]
 [ 0.67312909 -0.50451194  0.06148592  0.13444285 -1.61564744  1.26131181
  -1.33416992  0.12592665 -3.16589294  0.07036021 -1.19346713  0.48149721
   0.415193   -0.32390346  0.42185548  0.81296917  0.52503637 -0.75941702
   1.59568904  0.18969756]
 [-0.81904072 -0.42810957 -1.84386195 -1.2448688   0.47806534 -0.36637465
   0.81107777  0.16589527  1.3068605  -1.38491984 -1.86333387  1.55523095
  -0.70627196 -0.7450952  -0.37533009 -0.0876983   1.30630803 -1.26780589
  -0.36688972  3.22669645]
 [ 0.24843453  0.26386998  0.47651082 -1.6080156   1.06952773  0.06689262
   0.09211434 -0.24785936  0.46930509  1.02154762  0.37560527 -0.5904231
   0.56372382  1.38903106  0.44231398  2.10967807  1.16610793 -0.78240122
   1.05693094 -0.86867385]
 [-0.25056276  0.89100781  1.20762569 -0.31432743  0.51744546  1.90955185
   1.67179417  0.33054022 -0.96711511 -1.39351853 -1.40021649 -0.30118584
  -0.96573304 -1.06865521 -1.15520124 -0.96982463  1.75290221  0.16654313
  -2.16337255  0.62894593]
 [ 1.90057013 -0.3216832  -0.92241782  0.05832884 -1.25090922 -0.70387908
   0.74168689 -1.49813794 -0.12962665 -0.09673755  1.58019806 -0.82926844
  -0.73860755 -0.30916511  0.1665719   0.66060568 -0.21026763  1.4813481
  -0.28056726  0.04182029]
 [-1.0748405   0.11676871 -0.73959169  0.35660928 -1.38378111 -0.63648063
  -0.33147343  1.31263837  0.16170255 -1.46035169 -0.10880321 -0.49187313
   0.10588333 -0.29472444  1.69169697 -1.05149344  0.40687141 -0.7672268
  -0.46936431  1.63682543]]
============================================================
