Parametri iniziali circuito
[-2.49235797e+00 -1.02596164e+00  9.37176466e-01 -1.89446241e-01
 -2.24185079e-01  4.74982888e-01 -1.09751737e+00  2.82643348e-01
 -3.69764529e-02 -7.81019032e-01  3.01271886e-01  3.50435913e-01
 -7.45527804e-01 -5.62434614e-01  5.59768200e-01 -1.40964484e+00
  6.12259984e-01 -4.89299238e-01  1.07565796e+00  7.89111331e-02
 -2.18889952e+00 -4.54835504e-01  2.41545296e+00  6.28089607e-01
  2.09230304e-01 -1.06654787e+00  1.22295713e+00  1.33989859e+00
 -7.47110695e-02 -1.02434623e+00 -1.26101041e+00  5.92609882e-01
  7.96791315e-01  2.83518791e-01 -9.12637770e-01 -2.12944582e-01
 -5.04223466e-01  5.33208072e-01  7.90313661e-01 -1.90710950e+00
 -3.00709754e-01  1.60473958e-01 -2.49136314e-01 -1.29353023e+00
 -1.41094196e+00  1.45273030e+00  5.84606290e-01  2.17164278e+00
 -8.45813096e-01  1.88509285e+00  1.07486434e-01 -1.34537041e+00
  1.35040379e+00  2.05145502e+00 -6.96930051e-01 -8.21168199e-02
  8.11505988e-02 -3.18211317e-01  1.26152396e+00  1.27611804e+00
 -6.10047400e-01  6.61437154e-01 -1.90686238e+00 -1.23460102e+00
 -1.06640294e-01 -5.18376410e-01  9.17179227e-01 -8.03055018e-02
 -6.62830293e-01 -1.17055392e+00 -1.15858138e+00 -7.85871804e-01
  1.13028419e+00 -7.39621580e-01 -2.93452382e-01 -1.02646816e+00
  1.15606260e+00  4.33791548e-01 -1.70854002e-01 -1.08317745e+00
 -7.62862861e-01 -9.08899959e-03  1.00194442e+00 -1.86825788e+00
  4.01759148e-01  1.03415346e+00 -1.08451831e+00  7.89474249e-01
  4.87618595e-01  6.66915894e-01 -3.75647247e-01  2.55253047e-01
 -1.24384987e+00  1.39986863e-02 -5.16410708e-01 -1.08462369e+00
 -7.79299676e-01 -4.46554506e-03 -4.02058631e-01 -9.42861475e-03
 -9.85082388e-01  3.26337636e-01  1.80353269e-01  1.03920050e-01
 -2.39773318e-01  1.04441702e+00  7.17497617e-02  1.15678656e+00
  1.94278896e-01 -1.02580786e+00 -1.52664769e+00 -5.23425460e-01
  3.13589990e-01  8.00143421e-01 -1.72353610e-01 -2.61271387e-01
  2.38913924e-01 -4.46883112e-01  4.54757094e-01 -1.04689825e+00
  1.03213823e+00 -2.72915244e-01  8.89746368e-01  1.46674144e+00
  8.80841911e-01  4.96646494e-01 -1.17182446e+00  8.92032087e-01
  3.99620026e-01 -4.12947595e-01 -5.67339659e-01 -1.96373975e+00
 -1.79270096e-02 -1.30111253e+00 -9.03654516e-01 -1.03022206e+00
  3.51038039e-01  3.92593116e-01  8.02442655e-02  4.64646816e-01
 -9.69564557e-01 -8.22632909e-01 -1.25532424e+00  6.33115351e-01
 -4.86591011e-01  1.62679300e-01  6.12838328e-01  3.18551101e-02
  6.14194155e-01 -1.60246825e+00 -3.70782197e-01 -6.68481231e-01
  1.16706324e+00  3.87969941e-01  2.81001896e-01 -1.55545318e+00
 -9.41331565e-01  1.22609043e+00 -7.90314734e-01  7.17114270e-01
 -1.36178732e+00 -1.08130954e-01  1.00314212e+00  1.36575258e+00
 -1.10200155e+00  3.63368797e-03  1.99497449e+00  3.03249985e-01
  6.24011695e-01  3.75199127e+00 -5.45112550e-01  1.00293469e+00
 -1.36954808e+00 -1.54147077e+00  1.82536781e+00  2.02983069e+00
 -7.86867440e-01 -1.20860040e-02  1.40183222e+00 -8.46297264e-01
  9.08935964e-01 -1.00609565e+00 -1.60258144e-01 -1.29667735e+00
 -2.07511139e+00  2.47174931e+00 -3.10333103e-01  8.76406014e-01
 -9.56823587e-01  7.03340888e-01 -6.52193232e-03  3.19600433e-01
 -1.06881917e+00 -6.90584600e-01  5.73748708e-01 -2.35814333e-01
  1.71531856e+00  6.79793000e-01 -8.72528493e-01  1.58202147e+00
  4.20201896e-03 -1.03889358e+00 -6.11580871e-02  5.71316242e-01
  9.74142551e-02  4.90606397e-01 -1.03518891e+00  1.16474724e+00
 -4.66396473e-02 -2.15233505e-01 -4.81475890e-01  5.23920655e-01
  3.98813456e-01 -1.57498860e+00  8.63222420e-01 -1.29978979e+00
  8.49963427e-01  1.23662746e+00 -3.20396811e-01 -5.76996446e-01
  4.98087853e-02  8.69081393e-02  3.66343617e-01 -6.73936069e-01
 -2.82192779e+00  2.25454137e-01  7.46785045e-01  2.10181281e-01
  1.63499177e-01  2.12624431e+00 -1.09204376e+00  1.83296889e-01
  1.76112032e+00  6.65707290e-01  3.75322342e-01 -6.45298481e-01
 -1.31139588e+00 -1.04738128e+00  1.64077175e+00 -1.62184215e+00
 -6.50970340e-01 -2.14217290e-01  7.13582039e-01  1.58550096e+00
 -1.56335151e+00 -3.58900726e-01 -2.12956443e-01 -6.79124594e-01
 -1.09644401e+00 -8.49713683e-01  9.47508812e-01 -3.06575075e-02
 -3.98423702e-01  9.53203559e-01 -5.91607749e-01 -1.29336953e+00
  5.03230810e-01 -1.75918102e+00 -1.22288954e+00 -3.68173271e-01
 -9.97674584e-01  6.14818186e-02  5.98571479e-01 -1.07165897e+00
  1.95642555e+00  1.02689110e-01 -2.40425184e-01 -9.00557160e-01
  4.62089181e-01  2.97553483e-02  6.47281945e-01 -1.00797820e+00
 -5.94143033e-01 -1.59178805e+00  1.40361500e+00  2.37057686e+00
 -2.71580905e-01  3.29355672e-02 -2.54945040e-01 -9.81774151e-01
 -5.21929801e-01  6.60007000e-01 -8.09858084e-01  1.39427578e+00
 -9.25321043e-01 -1.05304444e+00  2.33068317e-01 -1.33672535e+00
 -2.23439097e+00 -4.31788653e-01  8.26624691e-01 -1.19914398e-01
  3.46450508e-01 -4.73480642e-01 -5.07496417e-01 -7.73595810e-01
  1.04120135e+00  5.56721270e-01  1.49652600e-01  5.39514005e-01
 -2.08495557e-02 -3.62895101e-01  9.87628162e-01 -6.95384860e-01
 -2.40196872e+00 -9.99009311e-02 -9.02008533e-01 -2.09626500e-02
  4.39267695e-01  3.57775450e-01 -5.59879243e-01 -9.42654431e-01
 -3.79027784e-01  3.76164496e-01 -8.24419260e-02  6.92725480e-01
 -2.88915801e+00  5.85116521e-02 -2.98030674e-01 -9.36028719e-01
 -2.50514925e-01  8.82856905e-01  1.40638554e+00 -9.28265005e-02
 -1.52286875e+00  3.04611146e-01 -5.34027815e-01 -2.99323708e-01
  2.46752083e-01 -1.88470292e+00 -2.15808794e-01  1.58368981e+00
  3.34831625e-01  1.21999121e+00  1.13382407e-01  5.21758556e-01
  8.74589443e-01  2.38127530e-01  2.19299972e-01 -8.70625794e-01
 -1.23927677e+00  7.97781110e-01 -7.24381089e-01  6.85561076e-02
  9.04241562e-01 -4.44401741e-01 -1.13244951e+00  1.26029998e-01
 -2.18277383e+00  4.92542595e-01  1.05247009e+00  6.22297406e-01
  9.29201305e-01  4.70123798e-01  7.70574689e-01  9.47517574e-01
  6.43715203e-01  4.42581952e-01  1.77683592e+00 -1.73045325e+00
  6.46232367e-01 -5.06855309e-01 -8.89232218e-01 -1.29646528e+00
  3.64973426e-01 -8.67550671e-01 -8.92659307e-01 -1.54104054e+00
 -2.40694046e+00  1.33832848e+00 -1.62747371e+00 -1.24986422e+00
 -9.65658665e-01  7.98030913e-01  1.72511804e+00 -8.75378668e-01
 -6.23688281e-01 -2.15334749e+00 -1.00864124e+00  1.37685215e+00
  1.33469209e-01 -2.28957558e+00  9.20637190e-01  1.16831684e+00
 -1.19059873e+00  7.06876814e-01 -8.71002898e-02  1.22777331e+00
 -6.16325498e-01  2.41977438e-01  1.84722340e+00  8.72339547e-01
 -3.40796828e-01 -1.29911911e+00  9.56257403e-01 -1.18289447e+00
  2.89472610e-01 -7.95680523e-01 -4.24237758e-01 -2.22775936e+00]
============================================================
Epoch 1
Gradienti
 None
============================================================
Parametri iniziali circuito
[ 3.2147720e-01  6.1043710e-01 -9.3805736e-01 -1.3635693e+00
 -6.1021465e-01 -1.2059656e+00 -8.9145768e-01 -2.9320037e-01
  8.9363748e-01  5.4791903e-01  1.6886865e+00 -1.8805292e+00
  1.5921427e-01  1.1707314e+00  2.4390313e-01  2.1624687e-01
  7.9080522e-01 -7.1665013e-01 -7.3422030e-02 -2.0943639e+00
  2.3493192e-01 -8.3647645e-01  3.4163186e-01  1.2387137e+00
  7.8272372e-03 -1.2381607e+00  6.5856087e-01  5.0321072e-01
  2.9359016e-01 -9.9631536e-01 -3.9770493e-01  1.6596173e-01
 -1.7621179e+00  7.9443377e-01 -4.7366217e-01  7.6436168e-01
  3.9252904e-01  2.2536401e-01  1.7190522e+00  7.9917049e-01
 -6.9927078e-01  1.4849416e+00  2.8577440e-03  1.9440819e-01
 -1.8048347e+00  6.3241172e-01  2.8373688e-01 -9.8224843e-01
 -4.2313728e-01  5.5031449e-01  8.4422745e-02 -1.9611290e-01
 -2.6245520e-01  2.7925861e-01  5.2334660e-01  8.2987487e-01
 -2.8466120e-01  1.2954549e-01  1.2829111e+00 -5.7455814e-01
  3.8088741e+00  3.7933579e-01 -2.3277959e-01  6.2926954e-01
 -7.3316115e-01 -7.8204338e-04 -8.3915763e-02 -2.8033835e-01
 -4.9356568e-01  5.9365612e-01  3.4633872e-01  1.7971778e-01
  6.9542423e-02 -1.0089868e+00 -1.3088537e+00  8.4854126e-01
  9.3833584e-01  4.0541551e-01 -7.3734099e-01 -9.1498178e-01
 -1.8788902e+00 -2.2256216e-01 -8.2074684e-01 -6.8141651e-01
  1.1516950e+00 -1.4351416e+00  6.5464044e-01 -3.1459695e-01
  1.9565211e-01 -7.9925321e-03  7.2713129e-02  3.0174941e-01
 -7.2139102e-01  2.9541168e-02 -4.9196965e-01  1.7640272e+00
  8.9348048e-01  9.9686071e-02 -6.9249296e-01 -5.1332816e-02
  4.2034426e-01  2.1365538e-01  8.5993302e-01  2.2547744e-01
  8.3408672e-01 -1.3912399e+00 -5.6498043e-02 -1.6144761e+00
 -1.4181376e+00  2.0934565e-01 -5.2171582e-01  1.3060303e+00
 -1.7134683e-01  7.3875272e-01  1.7916206e+00  7.1347052e-01
  1.6298877e+00  1.2261339e+00  9.2583901e-01  4.8677826e-01
  1.2236851e-01  4.2801264e-01  1.2163984e+00  1.7812006e+00
  7.8111237e-01 -2.2191038e-02 -1.3102103e+00 -5.4055715e-01
 -5.2337784e-01 -3.1467438e-01  7.4860978e-01  4.9180630e-01
  4.2699721e-01 -2.5585378e-02 -1.0791962e+00 -1.0770998e+00
 -4.0036848e-01  4.3778315e-01  8.8747996e-01 -8.4119529e-02
  1.1126844e+00 -8.2715116e-02  2.0220974e-01  1.5445406e+00
 -7.8892547e-01  8.7801927e-01  1.8729130e+00 -3.6870438e-01
  4.8410773e-01  1.4812608e-01 -2.3039061e-01  1.0098604e+00
 -2.1408882e+00 -6.8021998e-02  5.0843656e-01 -1.0716554e+00
  2.1501610e+00 -6.5153736e-01  5.9750438e-01  9.8788363e-01
 -1.1864877e+00  2.8563032e+00  6.9802868e-01 -2.1989317e+00
  4.8369375e-01 -4.3355578e-01  4.5362046e-01  1.0241587e+00
  8.2153493e-01 -3.2199639e-01  2.6046817e+00 -2.9372105e-01
 -9.9761891e-01  1.8764215e+00  7.6150984e-01 -2.4947149e-01
 -2.1887177e-01  9.6051300e-01 -8.8261288e-01  7.2516191e-01
  1.9193999e-02  4.9053165e-01 -1.6771244e+00 -8.0586565e-01
  1.1175263e+00  2.3906955e-01 -7.5995511e-01  1.3382483e+00
  2.2234044e+00  4.6607187e-01  1.5023503e-02 -1.5368332e+00
  5.6219763e-01  1.9496782e-01  7.7109307e-01 -5.5540544e-01
  1.4643314e+00  1.4046942e+00 -1.6132717e+00 -9.4420135e-01
 -1.9649260e-01  1.0105906e+00 -1.0255191e-02  3.2221135e-01
 -7.1926486e-01 -1.2471173e-01 -1.6520764e-01 -3.2633388e-01
  1.8201090e+00  1.5290599e+00 -1.1479030e+00  1.0065522e+00
  1.9075712e+00 -1.5714495e+00 -7.0877695e-01 -2.2142914e-01
  9.3258953e-01  2.3884878e-02 -3.8151544e-01 -2.0170596e+00
  1.3070949e+00  3.3284530e-02 -1.3855854e-01 -9.6990478e-01
  9.2244756e-01 -5.6041527e-01 -2.0296590e-01  6.6959989e-01
  2.4996882e-02 -1.5554312e+00 -6.3692868e-01  1.1838391e+00
 -7.4716145e-01 -3.6399105e-01  3.0769908e-01 -2.1895427e-01
 -1.8534613e-01 -1.0453295e+00  3.2928139e-01  9.6569443e-01
  6.4832580e-01 -8.4383601e-01  2.0673010e+00  1.0415295e+00
 -9.2792696e-01  2.1046167e-02 -9.8896027e-01  1.3682263e+00
  2.1950877e+00  3.1505850e-01  2.4664469e-01 -2.2282305e+00
  9.2483014e-01  1.0814540e+00  1.1834100e+00 -1.9791677e+00
 -1.4725652e-01  1.7338341e-01 -5.8545953e-01  1.0112882e+00
 -9.0687203e-01  8.9729667e-01 -1.3953739e-01 -1.3080412e+00
 -3.0804151e-01  8.2763679e-02 -1.2566134e+00 -5.8516604e-01
  1.0734611e+00 -7.6558453e-01  1.2310381e+00  2.3948520e-01
 -1.9427727e+00 -1.8868086e+00  5.1367235e-01 -3.4807107e-01
  7.0303373e-02  1.0017056e+00 -6.4565516e-01 -5.0100273e-01
  5.4248154e-01  2.7948670e-02  6.7989552e-01  1.1271551e+00
 -1.2566221e+00 -1.9545362e+00 -1.5138607e-01  8.2719094e-01
 -2.6458734e-01 -2.6413068e-01  1.5217049e+00  9.9072403e-01
  5.0069004e-01 -8.3896208e-01  1.9826081e-01  1.2001563e+00
 -1.7643137e-02 -1.0661277e+00  2.6704174e-01  6.3581443e-01
 -1.1773734e+00 -2.4455822e+00  3.8985723e-01 -5.1951689e-01
  3.1723636e-01 -1.9427622e-03  1.0974948e+00  7.3945844e-01
 -1.7253402e+00  2.0540313e-01 -1.6303356e-01 -8.3823794e-01
  1.1936203e+00  2.6494575e+00  6.5587074e-01 -1.0760087e+00
  8.4563756e-01 -1.0870970e+00 -1.5153651e-01  2.5344133e-01
  6.7318302e-01 -2.4465328e-01  1.6864266e+00  6.9004804e-01
 -4.8880702e-01 -3.7284532e-01 -6.4629626e-01  1.2123308e+00
 -6.3698903e-02 -6.9378895e-01 -1.0818168e+00  1.1735125e+00
  3.8819030e-01  1.2427224e+00 -7.3776037e-01 -9.8316610e-01
  2.7054968e-01 -5.6573022e-02 -1.1456864e+00  9.1680981e-02
  1.8883183e+00 -1.3918556e+00  2.6538834e-02  8.9449990e-01
  1.1790848e+00  4.9405596e-01 -9.7324336e-01 -4.5868624e-02
 -2.5146164e-02 -1.5316557e+00 -1.3136308e+00  1.0848243e+00
 -3.3923709e-01 -3.4626698e-01  5.1198870e-01 -9.5582044e-01
 -8.9048392e-01 -2.5847706e-01 -6.9008887e-01 -5.0303209e-01
 -2.3320459e-01  1.0852016e+00  1.6853665e+00 -6.1416572e-01
 -1.3511866e+00  9.1667667e-02  3.1071959e+00 -8.4443200e-01
 -1.5821064e-01  1.9342325e+00  1.6770062e+00 -2.1259637e+00
  3.0877218e-01  3.7697408e-01  2.3181485e-01 -2.5298974e-01
  3.3073762e-01 -1.5608050e+00  1.7768332e+00  2.2291808e-01
  1.3179942e+00 -2.0842782e-01 -1.6255302e-02 -9.7833115e-01
 -1.2974390e+00 -1.5312632e+00  1.2891107e+00  9.5257497e-01
 -1.0812890e-01  1.1910425e+00  1.2644694e+00  5.2351821e-02
 -1.6129019e+00  5.8655792e-01 -3.7009916e-01  8.4433287e-01
 -1.2902403e+00  1.7357035e-01 -1.2993124e-01  9.4008380e-01]
============================================================
Parametri iniziali circuito
[-1.2699667   0.30645087  0.49140474 -0.14606698  0.16915749  0.8376946
 -0.9081249  -0.43650568  0.73499024 -0.42420247  0.24045482 -0.41102466
  0.40170276  0.3288013  -0.5087888   0.53480077  0.9606608  -1.1321983
  1.419103    0.42089295 -1.1796628  -0.5875251  -0.08419915 -0.9131423
  1.4028862  -0.5013278  -0.2784805   0.17674503  1.1731378  -1.4461905
  0.9358876   0.70121837  0.06261    -0.36773843  1.1782283  -0.03529421
 -0.57125664  1.3844877   1.0181495  -0.55939126  0.14487243  0.6380291
 -1.2734486  -0.786331   -0.58849424  0.2657881  -0.15395756  0.5869047
  0.40614474 -1.2155789   0.07622848  2.1225183  -1.8460075  -1.3287668
  0.35079435  1.3481095   0.71218234  0.24548236  0.22911696  0.18367894
 -0.998332    0.60253394 -1.3632348  -1.0845643   0.44541088 -0.5187085
 -1.5878712   0.7418555  -0.91321844 -0.3929273   0.86258334 -0.4202048
  0.7586596   0.5413319  -0.7584647  -1.0444914  -0.67527056 -0.18189445
  0.33947313  1.185113    0.8155677   1.3838943   0.47214454  0.11265685
 -0.01421604  0.8111242  -0.22718528  0.4857643  -1.0469317  -0.8403216
  0.28494418 -0.12192943  0.41491228 -0.7115452   0.7927979  -0.0991082
  0.5073881  -0.55506676  0.43912145 -0.7733979   2.1147506  -0.41025287
 -2.3987982  -1.1279762  -0.7641516  -0.55183613  1.5622168  -0.7113662
 -0.19533847 -0.58145976 -0.39362025 -0.06158378 -0.31305984  0.44088724
 -0.6438427   0.20260239 -0.66674805  0.5544082  -0.25789812  0.38124776
  1.8399497   0.23498678 -2.636194   -0.04256059  1.2848614  -0.3266543
 -0.46039516 -0.2184207  -0.29832405 -1.0094814   0.7845127  -1.7710783
 -1.1759446  -0.12179349  0.27979928  1.5011747  -1.1851825   1.5831854
 -0.89946467  1.5839732   1.1134034   1.0023605  -0.962796    0.74496436
  0.19930692 -1.0598228   0.35242617 -1.0090756  -1.2050769   1.8303876
 -1.1311288  -1.0992602   1.2447076   1.828592   -1.435107   -1.6845167
 -0.2976217   1.4944211  -1.1791899   1.3536295   0.28539905  0.3980703
  0.53467494 -0.7061835   0.6855248   0.46618566 -0.5183322   0.49656823
 -0.20120828  0.02024029 -0.17008653  0.8923696  -1.3748088  -0.14697342
  0.33802846 -0.69424707  2.6174486   0.88496417 -0.08579694  0.5001488
 -2.2346497  -0.6190161  -0.93090343  1.5335578  -0.0095589   2.158391
 -0.18249501  0.28372312 -1.5312427  -0.3938928  -0.11327366  0.7556446
  0.32465404 -0.68744755 -0.5115583  -0.5317218   0.64844376 -0.8919424
 -1.7593317  -1.2820792   0.4961491  -0.17583323 -0.03526985 -0.6562846
  0.02275165 -0.4075471  -0.39389193 -0.00406029 -0.1092423   0.4873509
  1.1803689   0.19674538  0.2354584  -0.10227881 -0.15527256 -0.25341466
 -1.3222514  -1.153265   -0.17632113  1.8619971   2.3772979  -0.84229636
  0.46679515  0.7304689   0.89528215  2.1684458   0.88134134  0.15533626
  0.52881944  0.24651243  0.11554743 -0.8635547  -0.02248897  0.5257761
  1.6338788   0.21181983  0.8267452  -1.510305    1.1167688   0.07136291
 -0.02343859 -2.4170687  -1.718288    0.15869696 -0.4162208   1.4147239
 -0.23943667  0.11025495  1.7695571   0.954283   -0.0690788   1.0906011
  0.290143   -0.4279996   0.00823431  0.7449912   1.5766996  -0.2570332
 -0.07194568 -0.9063857   0.5265159   0.11035755 -3.184812   -0.6216635
 -0.6943491   0.76134706 -0.6714577   1.3291272   0.4342178  -1.1452469
  0.00598162 -1.692702    0.40970293 -0.9706505  -0.45880017  2.1573613
  0.6118455   0.55061114 -1.4820408   2.5353103  -1.3016889   0.6489482
 -0.76813036  1.4765275   0.9291156   1.056713   -0.671356    1.4849155
 -2.0625787  -0.41255003 -0.36710212 -0.84977996  0.28999424 -1.811132
  0.87319154  1.5078331  -1.0579876   0.74258035 -0.8214818   0.25677863
 -3.0199773  -1.1763121  -0.70483965 -0.64246035 -0.5939533  -0.51432484
 -0.46985653  1.1858878  -0.18933138 -0.5928884  -0.35480663  2.0277903
 -0.03509423 -0.22072579 -1.0262829  -0.47294986  1.5933925  -0.7892976
  0.96258515 -0.11779115  2.2811005  -0.85990274 -1.1096011   0.10168827
  0.96854806 -0.870545   -0.4259324  -0.76791126  0.8456311  -0.06367866
  0.6891925  -0.94368535 -0.7726908   0.5896282   1.7568165   0.28228667
  0.08954527  0.49180058  1.597124   -0.36514336  0.5317458   0.8820355
  1.5328119   0.39904237 -0.5680461   1.3927372   0.57245964 -0.4513724
 -1.3373003  -0.4834268   2.6618378  -0.35206705 -0.1810968  -1.1236147
 -1.6614801   0.6310456  -0.89766437  2.3329036   1.3350685  -0.50463814
  1.6476012  -0.13984917  0.638539    1.1505927  -0.02801432 -1.2927696
 -1.6084784  -0.5390211   1.5445387   1.3734623   0.16138877  1.202898
  0.82286364  0.24422085 -1.3639759   2.2781243   0.05570885  0.22437412
 -0.94474846  1.5331169  -0.4098128   0.11151356 -0.69269645 -0.4541543
 -0.36869138  0.20785885 -0.5080699  -0.29026866 -0.7255385  -0.45211184
  0.17017077  1.4170417   1.1504985   0.5926699   0.7165384   1.4806727
 -1.9056275   1.3374921   0.77535146 -0.37856907]
============================================================
Parametri iniziali circuito
[ 7.20253468e-01  2.14441538e+00  5.18775046e-01  8.18398237e-01
 -9.65792537e-01  4.43603843e-01 -4.49722439e-01  5.09484112e-01
  7.89195716e-01  1.05158782e+00 -2.26547420e-01  3.69821966e-01
 -1.29689622e+00 -2.04306650e+00  3.49804491e-01  5.25119483e-01
 -4.14119929e-01  7.16595426e-02 -3.47734988e-01  1.98242888e-01
  8.02299201e-01  1.22559488e+00 -1.61779344e+00 -1.34865558e+00
 -5.86741924e-01  2.40122780e-01 -8.14250350e-01 -9.74113107e-01
  1.46096087e+00 -4.93947476e-01 -8.12659025e-01  5.57735741e-01
 -6.89011753e-01  1.14196561e-01 -6.51234031e-01  4.88417856e-02
 -9.48840976e-01  1.29352200e+00  2.39936566e+00 -4.50110711e-05
  2.18028396e-01 -1.59130120e+00  2.06893951e-01 -1.05086708e+00
  3.81469220e-01 -6.05564237e-01  6.05677366e-01 -1.13667436e-01
 -7.50095129e-01 -1.69648027e+00  5.14611363e-01 -8.57776254e-02
  7.60461748e-01 -1.38090658e+00 -2.68373728e+00  7.69531801e-02
 -9.69778121e-01 -6.36803687e-01 -7.66663373e-01  2.26881161e-01
 -4.45528656e-01  1.01577783e+00 -5.97072065e-01  2.42091432e-01
  2.91254908e-01 -2.01773971e-01  6.52789712e-01  2.14066923e-01
 -1.01718247e+00 -2.25108251e-01 -7.80010760e-01  9.22274828e-01
 -1.00845993e+00 -4.90543038e-01 -5.39433599e-01  1.07039499e+00
  1.05829489e+00 -9.27459657e-01 -8.85854423e-01 -2.40530801e+00
 -1.14541113e+00  4.55490023e-01  5.16962945e-01 -2.22641897e+00
 -1.40259898e+00  1.43952239e+00 -1.24780625e-01  1.13836634e+00
 -7.38936841e-01 -6.34833634e-01  4.49187428e-01  2.43425518e-01
  6.85341537e-01  1.01172876e+00 -8.11503768e-01 -5.38252473e-01
  2.16629457e+00  3.48474830e-01 -3.47218752e-01 -1.31016755e+00
  1.83947337e+00 -5.57731926e-01  1.60852909e+00  1.00711846e+00
  5.68624139e-01  1.51250684e+00 -1.06407881e+00  4.63604152e-01
 -8.91111970e-01  3.05643841e-03  2.42098212e+00 -8.91822517e-01
 -2.71559656e-01  1.55969605e-01 -1.29564658e-01 -2.04373813e+00
 -6.88685715e-01 -8.06024849e-01 -2.59778321e-01 -3.60949129e-01
  1.02508008e+00  4.90840346e-01  1.17069161e+00 -1.66851151e+00
 -2.02360106e+00  1.46298742e+00  1.02844167e+00 -9.10642520e-02
 -8.31767082e-01 -6.98704064e-01  5.95295012e-01  6.38870299e-01
 -1.42708018e-01  1.14060664e+00  1.23697591e+00 -4.26020265e-01
  8.97514343e-01  2.68355042e-01 -3.04535955e-01 -4.32064056e-01
  1.73865402e+00  7.29962647e-01  6.64069295e-01  1.11992884e+00
  7.68260837e-01 -2.07961369e+00 -7.62069464e-01  1.12262404e+00
 -5.53746581e-01  3.92728150e-01  3.77494991e-01  8.00714254e-01
  1.50412297e+00  2.92620212e-01  4.95834678e-01 -4.14976478e-01
  6.36860073e-01 -1.58636719e-01  9.46952522e-01 -1.13017589e-01
 -3.87102030e-02  4.51292723e-01  1.60708614e-02 -3.43078583e-01
 -3.52771461e-01 -9.49694097e-01 -1.07010376e+00  9.05450165e-01
  1.13885558e+00 -3.86848420e-01 -1.19255257e+00 -1.17131221e+00
 -2.83462763e-01 -1.32825577e+00 -1.54338610e+00 -5.94840109e-01
  7.57107854e-01  2.55595946e+00  8.35749328e-01  1.77573168e+00
 -3.79843146e-01 -4.12061006e-01  1.25948668e+00  2.00663257e+00
 -7.55105734e-01 -1.86435223e+00 -1.11260384e-01 -2.28847051e+00
  8.73244941e-01 -6.09680489e-02  1.39672849e-02  3.88582706e-01
  7.37085700e-01  1.58176661e-01  4.76432174e-01 -3.86469364e-01
 -7.07767129e-01  1.92640090e+00  5.27659237e-01  2.46555373e-01
 -4.95820582e-01  1.11311615e+00 -3.84227276e-01 -1.05479491e+00
 -9.12172496e-01 -2.98121810e-01 -3.12640995e-01  9.83600259e-01
 -2.42996359e+00 -5.11529982e-01  5.85307777e-01  5.96495092e-01
  4.43941504e-01  1.56517124e+00 -4.86497432e-01 -1.05921876e+00
 -3.71503830e-01 -7.81709701e-02 -1.23659170e+00  2.58244544e-01
  2.29930615e+00  4.78283465e-01 -6.47848010e-01 -2.00698867e-01
  2.63839841e-01  9.04332280e-01  1.03038442e+00  1.28796434e+00
  8.07637334e-01  6.39583692e-02 -1.59363973e+00  5.66008151e-01
 -7.05242380e-02 -5.06677628e-01  2.12260771e+00 -1.67518985e+00
 -3.58283371e-01 -6.04871094e-01  1.82913697e+00 -5.69967806e-01
  1.76694524e+00 -7.68936872e-01 -9.31291878e-01 -9.18781161e-01
 -4.51210737e-01  1.23538697e+00  5.57398677e-01 -1.54947078e+00
  1.38542032e+00  7.79347658e-01 -2.76754588e-01  2.91243970e-01
 -1.59956932e+00 -9.68805671e-01 -1.21516669e+00 -3.59859645e-01
 -6.16486549e-01 -1.40206605e-01 -3.88784647e-01  3.03419769e-01
  7.65174091e-01  6.68580174e-01 -1.17777407e+00  7.35193253e-01
 -7.21750438e-01  5.40243685e-01  9.42034125e-01  1.27344441e+00
 -2.79701948e-01  1.10898055e-01 -1.41265285e+00  5.57991862e-01
  1.05054975e+00 -1.01412630e+00  6.15096033e-01  5.92867494e-01
  7.07234979e-01 -3.39110583e-01 -5.44759452e-01  5.13827913e-02
 -1.35711575e+00 -7.87550956e-02  1.21268463e+00  1.44409955e+00
 -5.84667742e-01  8.45242858e-01 -1.92208886e-01  4.57473814e-01
 -2.17150852e-01  4.42231029e-01 -6.34519994e-01  2.08014175e-01
 -6.16783559e-01  1.89085782e-01 -8.37765992e-01 -9.34886217e-01
  4.98764515e-01 -3.09738070e-02  1.21270955e+00  7.73998396e-03
 -2.39927173e+00 -5.57807460e-02 -2.17640996e-01 -1.58153212e+00
 -3.56048457e-02 -2.45876074e-01  1.67355549e+00 -1.07290781e+00
  1.22386694e-01 -1.44316757e+00  1.70784426e+00  9.70850524e-04
 -1.74375057e-01 -1.64375353e+00 -1.39466837e-01  6.16195738e-01
  9.41740990e-01  2.44461584e+00  6.76149070e-01 -7.35876977e-01
  4.26514059e-01  3.39434117e-01 -5.12125134e-01 -1.03981622e-01
 -5.22212386e-01 -2.31520510e+00 -1.10297151e-01 -2.36054826e+00
  3.59733522e-01 -3.17033917e-01 -3.16790432e-01 -1.73849392e+00
  8.78599346e-01 -1.99873403e-01  8.05254877e-01  1.22751147e-01
  2.65745252e-01 -1.90532279e+00 -5.75174212e-01 -2.27768302e-01
  7.29395807e-01  1.24735165e+00  1.03095271e-01 -1.64523888e+00
  1.72765050e-02 -9.41929996e-01 -8.96171391e-01  8.38352203e-01
  1.91147029e+00 -1.47958410e+00 -7.77948678e-01 -1.67742074e+00
  1.70108521e+00  6.36745214e-01 -2.10214227e-01 -6.60325408e-01
  7.90619671e-01  5.52139401e-01 -1.81614399e+00  7.40472853e-01
 -1.33791471e+00  6.16216600e-01  9.46560442e-01  1.30319774e+00
  1.38188694e-02 -2.53980541e+00  1.37542218e-01 -1.91822588e+00
 -2.31647968e+00  1.86985147e+00  1.44895777e-01 -1.58976102e+00
  8.26980412e-01 -2.20003486e+00 -4.50311214e-01 -7.64661357e-02
 -4.28827852e-01 -1.76640189e+00 -9.41012520e-03 -6.73811138e-02
  1.47185993e+00 -3.73578161e-01 -1.59119177e+00  2.38299549e-01
 -1.04922548e-01  1.56318307e-01 -8.93953800e-01  1.06165862e+00
  7.82419026e-01 -8.32369253e-02 -6.56415075e-02 -6.44436300e-01
 -3.07019979e-01 -4.77659911e-01  1.62851822e+00 -3.52987379e-01
  3.90938044e-01 -1.49379015e+00 -3.35428506e-01 -1.16014950e-01]
============================================================
Epoch 1
Gradienti
 None
============================================================
Parametri iniziali circuito
[ 1.43062091e+00  8.84292662e-01 -9.10366714e-01  7.93759406e-01
 -9.53927577e-01  7.97497451e-01  5.24013221e-01 -5.93680382e-01
 -7.10108399e-01 -2.78157115e-01 -8.29464495e-01 -6.20122671e-01
  1.03457534e+00 -2.02835608e+00 -3.44630241e-01  1.01543568e-01
 -9.18138266e-01  1.25740099e+00  1.43440139e+00 -1.71447408e+00
 -2.46188894e-01 -6.33402392e-02  1.41727477e-01  1.39297917e-01
 -1.71256080e-01  5.87512612e-01 -1.01403725e+00 -3.61079007e-01
 -1.22106147e+00  1.36755276e+00  3.37773502e-01  3.09169650e-01
  1.49611092e+00  3.64650697e-01  7.02016771e-01  2.16747952e+00
  1.06821150e-01 -1.20715535e+00 -7.96067357e-01  1.81136000e+00
 -6.28913283e-01 -5.34839153e-01 -1.76630244e-01 -6.94617271e-01
 -1.27483082e+00 -9.33194816e-01  4.31404024e-01  1.00948668e+00
  2.63528562e+00  9.18605804e-01  4.21324044e-01  1.11738539e+00
 -2.44203866e-01 -9.49573636e-01 -1.45886195e+00  7.98444688e-01
 -1.94033527e+00  1.26375902e+00 -3.13884825e-01 -7.27609932e-01
  3.67859334e-01 -5.64416111e-01 -1.74819857e-01 -1.85755694e+00
  5.98482609e-01 -1.50098944e+00 -4.21722293e-01  6.36292458e-01
 -1.25341499e+00 -1.12581873e+00 -1.93170059e+00 -1.31042719e-01
  1.67332029e+00  9.14309621e-01 -8.62012878e-02  1.57857478e+00
 -4.66597021e-01 -2.29613066e+00  4.67470586e-01  3.81989539e-01
  8.24846804e-01 -6.22390926e-01 -3.42238955e-02  6.29049838e-01
  1.28010928e-04 -3.24113145e-02  8.71837735e-01  6.95588589e-01
 -1.80279744e+00  5.85684836e-01  6.38489604e-01  7.71647036e-01
 -2.49963194e-01  4.23511773e-01 -1.24535429e+00 -2.29514527e+00
 -6.35373831e-01  1.32585466e+00  1.01209748e+00  8.44564736e-01
  6.64750874e-01 -1.44574732e-01 -5.90191901e-01  9.49823439e-01
 -1.20561445e+00 -2.46444106e+00 -7.30865374e-02 -1.50717747e+00
 -2.82417685e-01  5.39243639e-01  8.61930102e-02  1.12885976e+00
 -1.29890263e+00  9.99351740e-01 -1.55701733e+00  5.97402453e-01
 -1.22646582e+00  4.23309833e-01 -8.23660314e-01 -6.24225080e-01
 -9.75248992e-01  1.08147693e+00  1.03373274e-01  3.16883713e-01
 -9.77700949e-02 -1.46054280e+00  7.54252076e-01  6.54451130e-03
  8.73888314e-01  1.03077614e+00 -5.12241721e-01  2.01501441e+00
 -1.58002603e+00  7.37697363e-01  1.20584957e-01  6.05514050e-02
 -3.30295563e-01  1.60636622e-02 -1.18925810e+00  8.87766778e-02
  4.43780988e-01  5.55429339e-01 -1.44625974e+00 -1.72845602e-01
  1.27302751e-01 -5.62451184e-01  2.44644076e-01 -6.02263629e-01
 -3.97463262e-01  1.64952800e-01 -4.83209997e-01 -8.79957139e-01
  2.77599788e+00 -8.58025372e-01  6.78972185e-01  1.50885224e+00
 -3.97362381e-01 -3.95643413e-01  5.15181541e-01  7.49126434e-01
  4.63657260e-01 -6.37028635e-01  9.98651385e-01 -4.51825351e-01
 -3.02631229e-01 -1.78036654e+00  7.39343986e-02 -1.74527653e-02
 -7.93726325e-01  3.90287817e-01  5.17457306e-01 -1.12702644e+00
  8.79070163e-01 -2.10047856e-01  1.99519336e-01  1.03303206e+00
  1.14064407e+00  7.62769639e-01 -2.54032803e+00 -1.39031625e+00
 -9.73910153e-01  3.74264903e-02  1.57818377e-01  2.93096118e-02
 -3.88533592e-01 -4.52317074e-02 -5.12751222e-01  1.33327401e+00
 -5.03100097e-01 -3.07925850e-01 -3.14368397e-01 -2.86915541e-01
 -2.43217405e-02  1.28555521e-01  2.35278457e-01 -6.11059546e-01
 -1.48472667e+00  5.99743664e-01  1.25557661e+00 -2.11631447e-01
 -1.94596082e-01 -2.89105713e-01  1.36880541e+00 -1.52643606e-01
  2.75917947e-01  8.92601192e-01 -6.59726679e-01 -1.20744812e+00
 -1.88789296e+00 -2.00290275e+00 -4.66639131e-01 -7.48071015e-01
  1.00795329e+00 -4.11911130e-01  3.72864157e-01  1.99805856e+00
  4.31391448e-01 -1.88980854e+00  2.25163028e-01  1.09387851e+00
 -7.10359991e-01  4.35094625e-01  3.99955481e-01 -4.07590836e-01
 -6.46697655e-02 -5.27002037e-01 -1.30850446e+00  8.60300958e-01
  4.99246716e-01  7.21304193e-02 -1.04928017e+00 -6.15789175e-01
 -1.65914461e-01 -1.16114032e+00 -1.42970204e-01  4.94435310e-01
  5.00357985e-01 -4.70845819e-01  5.80000460e-01  2.15327680e-01
  1.00438893e+00  1.46090782e+00 -5.77749193e-01  2.83601791e-01
 -1.65142846e+00  5.85202932e-01  2.70166039e+00 -5.69782890e-02
 -1.34519708e+00 -2.01118064e+00 -1.08048034e+00 -7.74429142e-01
 -1.14371622e+00 -5.65563023e-01  5.27444124e-01 -5.44548213e-01
  1.03198993e+00 -1.04435420e+00 -3.59699458e-01 -1.04543459e+00
 -1.07534342e-01  8.72328579e-02 -1.91012657e+00  2.74222374e-01
  2.81972855e-01 -1.32698640e-01  2.28748336e-01 -1.12656403e+00
  1.90582842e-01 -2.03094769e+00  4.32943739e-02 -6.74733639e-01
 -8.56406331e-01  6.88487232e-01 -1.91455826e-01 -1.17254771e-01
 -4.13251817e-01 -9.33306478e-03 -3.29572380e-01 -3.35651207e+00
  2.83021331e-01 -1.04016578e+00 -4.72438820e-02 -6.85190201e-01
  1.26283181e+00 -9.81706142e-01  8.50444376e-01  1.21805921e-01
 -8.20766389e-01  1.89247444e-01  1.61893642e+00 -1.31222057e+00
  9.73351181e-01 -9.74395633e-01  2.99113303e-01  4.85099018e-01
 -1.26469517e+00  2.89214794e-02 -5.65755963e-01  4.90047127e-01
 -4.89007652e-01 -1.04207277e+00  1.69339550e+00  3.67100053e-02
  1.28389812e+00  7.86158681e-01 -4.04999822e-01  1.78657031e+00
  4.48873527e-02 -1.23558128e+00 -1.57801211e+00 -2.14521870e-01
  9.71456587e-01  5.68591177e-01 -2.72828281e-01 -2.56501746e+00
 -2.09027052e+00  2.70056546e-01 -3.42501104e-01 -4.60287094e-01
 -1.71932650e+00 -6.97322249e-01  9.45379257e-01 -2.85118312e-01
  3.88183951e-01  3.65187258e-01 -4.07558054e-01  2.60702312e-01
  2.00827554e-01  8.02646298e-03 -7.26822495e-01  1.08538067e+00
  6.71565086e-02 -6.66995347e-02  1.53523043e-01  3.17145675e-01
 -2.16565967e-01 -9.38598573e-01  8.56978655e-01 -1.25854409e+00
  3.41206610e-01  1.24720037e+00  3.95068318e-01 -5.21890223e-01
 -1.28372967e+00 -1.63430071e+00  8.62411618e-01  5.92396498e-01
 -1.47666013e+00  1.91984028e-02  6.84628189e-01  4.28415209e-01
 -3.41410577e-01  2.03141626e-02  1.96014881e+00 -3.80871803e-01
  6.66583776e-01  4.14552510e-01  8.10953856e-01  2.08427116e-01
 -6.67090952e-01 -6.95343912e-01  4.01776880e-01 -2.61092877e+00
  1.40567899e+00  9.21296179e-02 -1.00229251e+00  1.74149126e-01
 -1.27631903e+00 -1.29065084e+00 -1.68707967e+00  7.98746109e-01
 -1.50852025e+00 -1.64635742e+00  3.64052325e-01 -9.98695910e-01
 -3.92312109e-01  8.00962269e-01  2.54953671e+00  5.44002354e-01
  3.58711094e-01 -4.57495481e-01 -5.03335893e-01  1.17179811e+00
 -7.79324651e-01 -5.88456929e-01 -1.57319498e+00 -5.20150125e-01
  3.61991167e-01  7.29898393e-01 -2.51839131e-01  1.15031385e+00
 -1.19228864e+00  1.78005707e+00 -4.88143533e-01 -4.15083140e-01
  6.95015669e-01  3.73808622e-01 -1.08942103e+00  1.04551658e-01]
============================================================
Epoch 1
Gradienti
 None
============================================================
Parametri iniziali circuito
[-0.9032777  -0.45917487  0.36244616  0.22673595  0.27092218  0.82538474
 -2.16425    -2.4835548   1.695731    1.5760984  -1.2792128  -0.74289656
 -1.0856961  -0.42824462  0.22471121 -1.8704506   1.5196588   0.59225434
  1.5548502  -0.39214784  0.24812011 -0.4687329  -0.6972914  -0.6063659
 -0.47536856  0.03179585 -0.2988046   0.44691858  0.7974491  -0.2983612
 -1.0824413  -0.98011416  0.07638044  0.55813545  0.16557057 -0.6556766
  1.7673296  -0.43803525 -0.10855664 -0.7930398  -0.54134536  0.07436491
 -0.90502024 -1.4246866   0.6913372   1.8986139  -0.46169448  1.4266789
 -0.5015544  -0.05718068 -1.3215734  -1.0083362  -1.1879033   1.8859464
  0.15345137  0.15350723 -0.9265135  -0.9035049  -1.2485816  -0.06304244
  0.6181168   0.48244938 -2.3505607   2.1413887   0.87303805 -0.733319
  0.63898826 -0.02616494  0.5589934  -0.25834203 -0.9592031  -0.72789377
  0.12090386 -2.1981268  -0.19194801  0.8437702  -0.067069    0.0153358
  0.29367238 -1.0218518  -1.3556138  -1.9664272   0.23587437  0.6403996
  1.8889384   1.3183371  -3.4533896  -0.97721094 -0.72424376 -2.04453
  1.3012322  -0.25312957 -0.08084496  1.5243937  -0.14804156  0.10679434
 -0.06467389  2.528479    0.61425453  0.06220272  0.4000388  -1.4886167
 -0.40338773  0.63735366 -1.9330018  -0.13016894  0.15194     0.7645842
  0.6185368  -0.41038042 -0.7937808  -0.45073682 -0.9066539  -0.52064866
 -1.2750341   1.3946754  -1.7245016  -0.38146862  1.7564852   0.3859401
 -2.0379093   2.4191697  -0.08451208 -0.5549371   0.13048993 -0.25927776
 -0.6858951  -0.76982427  1.2929506   0.7871576   1.0832677   0.20603378
 -0.01306459  0.23245706 -0.0096211   1.8177818  -1.2533902  -0.04124345
 -0.9432156   0.80276334  0.55007213  0.8312436   0.4665811   0.00712917
  0.37590474  0.641919    0.49195352 -0.557753    1.7111957  -0.7373822
  0.48207128 -1.0655729  -0.21453562  1.3942349   1.1677233   0.07405164
  0.25965744 -0.78946316  0.8189294   0.33512554 -1.2993531   0.6469663
 -0.316316    0.807738   -0.0303991   1.2691611  -1.2810826  -0.02582792
  1.1204522  -0.63212705  0.4478884  -0.14849575 -0.4993448  -0.3664204
  1.2402066   1.3663731   0.84310186 -0.32113245 -0.9543593  -0.3443372
  0.41983438  0.31823775 -0.9996418   1.4166439   0.34841228  0.7199733
  0.18242198  0.56566596 -0.5054315  -0.27889282  0.09195671 -0.46547636
  1.1299542  -0.48963958 -0.00749059 -0.55297625 -1.7245083  -0.21617796
 -1.0759205  -1.2406284   0.9687027  -2.1319106   0.899208    0.73421407
  0.86674505  1.4638928   0.69948846  0.77315503  1.0657934  -1.5448025
  0.51581967  0.55605817  0.68149495 -0.3275733  -0.12698741  0.93207955
  1.5453049   0.4287652   0.98274153  0.46349853  1.6767458  -0.27075315
 -0.54785657  1.4228164   0.58857644 -1.0290836   1.2337236  -1.3647193
 -0.8312621   1.0319676   1.8544878  -0.17591716  0.94729656 -0.12469111
 -0.8862574  -0.9027167  -0.250876    0.4896783  -2.620064   -2.058309
  0.96067536 -0.40687773 -0.5515719   1.2362993  -0.42587286 -2.1016057
 -0.11632685 -0.89312345 -1.052815    0.32711086 -0.5820493  -0.55243915
 -1.5255547  -1.0860436  -0.8810721  -0.6061535  -0.4791117  -0.27956653
  0.06937071 -0.03248755 -0.63380766 -0.12181797  1.181166    0.6356126
  0.89251053  2.2332828   0.04009767 -0.308181    0.4882145  -1.1627439
 -0.3487051  -0.9288023   1.083327    1.2133949  -0.22304648 -0.33650422
  0.58668554 -0.2566585  -0.84830695  0.3322168   0.562972    1.737508
 -0.34833887  0.29228443  1.0786626  -0.7169577   0.20600098  0.98236865
  0.34517327  0.03305709  0.15276141  0.13489994  1.3055149  -1.7251674
  1.2384216   0.00775394 -1.3485506   0.14398031 -0.5518447   0.295445
 -0.7895945  -1.499352    1.0540619   0.16038634 -1.1105543   1.1915185
  1.8214618   1.3858322   0.378033   -0.11144128 -0.69012165 -1.2115564
  1.1114255   0.45652083  0.04486244  0.84934455  1.9948928  -0.89245963
  0.30559033 -0.21966872  0.13402967 -0.40384933  1.4829485  -1.2971001
 -0.12735194 -0.8044587  -0.93128043  0.41503882  1.4985458   0.20864709
 -0.7871125   1.1446284   0.06244435 -0.13053769 -0.66963595  0.10381965
  0.0732303   1.4682636  -0.4281664   1.4875612  -2.8104763   1.9530423
 -0.26531565 -0.01123708  1.4309154  -0.38735285  1.060825    1.3239479
 -0.79218775  0.12003513  1.0734181  -0.49029177 -0.17805183 -0.90384895
 -1.378716   -0.14375226  1.1947126   0.96546817  1.1369811  -0.29509342
  1.1842397   0.12095943 -0.7557099  -1.6646209  -1.0874277  -0.14363864
 -1.8796386  -0.36818266  0.2940762  -0.41087708 -1.3652985  -1.5013998
 -0.3497832  -1.5560639   0.98300374  0.42370856 -0.48136514  1.023205
  0.67304975 -0.6403662   0.57430243  0.719085    0.52905047 -0.30895483
  0.91769564 -0.58380586  0.53301686 -2.161696   -1.4126391   1.2261738
 -0.5607883  -0.80172944  0.35431075 -0.16090776  0.8576806  -0.06033079
 -0.42261583 -1.1355474   1.1714483   0.27705538]
============================================================
Epoch 1
Gradienti
 None
============================================================
