Parametri iniziali circuito
[ 0.5702153  -1.1140939  -0.07616559 -1.436244   -0.27569342  0.76222175
 -1.1218554  -0.45630375  1.0628226   0.5808208   1.1656463   0.34248042
  0.12591259  1.2201647  -0.21535353 -0.057457    0.20779699  1.9170628
  0.67254996 -1.5584975  -0.33198184  2.633241    0.9076484  -0.70809954
 -1.1170448  -0.30769053  0.3966029  -0.5878886  -0.3722831   1.5649446
  0.19813557  1.5437298   0.88766897 -2.2296636  -0.6332925   2.4869525
 -0.49182418 -0.49499747  0.40944684 -1.1132071   0.740729   -1.4093796
 -1.1682768   0.03086429 -0.23923445  0.6000294   0.02743242 -0.88743895
  0.13588805 -0.03571846  0.16942756 -0.05181173  0.66859096 -0.30858433
 -1.0762503   0.71158063 -0.74091816 -0.74261606  0.02449879  1.2808044
 -0.91307586 -1.6617768   0.428375   -0.05294707  0.46292862  0.8139887
  1.9166622  -0.06553515 -0.47479805  2.4577541   0.05229968 -0.7766788
 -0.51709867 -1.06988    -0.48272154  0.41450456 -0.9134297   0.7912565
  0.01878853 -0.20243332 -0.76876634 -1.1853737   0.59172904 -0.10030723
  0.26839617  0.7410887   0.43647298  0.35715324 -0.7292453  -0.9819264
 -0.5631699   0.45994887 -0.77366287  0.2294361  -0.5879156   0.74960184
 -0.85950434 -1.3972224   0.8851161  -0.41733056  0.63099176 -1.1648186
  0.94684345  0.95872295 -1.4265181   1.6027321   1.0635947  -0.5368923
  0.7965758   0.23194087  0.49417257  0.48715657  0.6559389   1.2448581
  0.0285211   1.6656957   0.40344518  0.59124863  0.03791199 -0.6495019
  0.36403504 -0.92920715 -0.2657483   0.07346275 -1.4281582   0.5251077
 -0.48955813  0.21504043  0.57659113  0.51104313  0.5291742  -1.183656
 -0.07333151 -1.8148081  -0.9727525   1.8003545  -0.25742313 -0.5541121
 -1.443465    1.5872225   2.4358537   1.14399     0.8063253   0.01309238
  0.8165089   2.0853016  -0.09650363 -0.2774869   0.04690927  0.4644524
  1.263519    0.23078653 -1.9954132   1.512889    1.6624151   0.3165532
  0.38315085 -0.20832534 -0.2451255   0.06309096  2.9653955  -0.34161782
 -1.2484183   0.5320911   1.5977434   0.8741442  -0.0236914   1.0047048
  0.8251939   0.34455785  0.75188005 -0.12078094  1.3217287   1.157881
  0.41857347 -0.02675963  0.35874367 -0.65698385 -0.31955042  0.6452155
 -1.248929   -1.2198061   1.196102   -0.14381833 -0.01255011 -1.6458939
 -0.13708526 -0.2881124   0.16955595 -1.0024122  -0.6452169   0.7634159
  1.0388006   0.54027843 -1.0273805   0.11449511 -0.35037795  0.94090915
  0.63158864 -0.0388334  -1.3753251  -0.24868532 -1.7769514   0.00382397
 -0.4571783  -2.0069308   2.481266   -1.0365903   0.4476255   0.88900054
 -0.03886561 -1.2374339  -0.6947138  -1.0651673  -0.81338847  0.93535125
  2.3791983   0.6000753  -0.36898726  0.2049099  -1.3596052  -0.62334865
  0.4861212   0.9522385  -0.6076586   0.02573192  2.3328319   0.7371021
  0.1544555   2.3173656   1.8383998   1.4376237   1.1392452   0.07092725
 -0.2942781   1.5735099   0.48630923  0.22376834 -1.7368592  -0.25378692
  0.04851072  1.3846567  -1.3778518   0.48965526  1.8828081  -0.9943345
 -0.75365245  0.07662047 -1.8311355   0.38649705  0.6327752  -0.4293938
 -0.7828827  -0.39074698 -0.7688451  -2.625758    1.5488466   1.6095866
  2.745259    1.7247547   0.15584107 -0.14775938 -0.91358733  0.6702451
 -0.32099044 -0.7279499  -0.31248778  0.34035045 -0.7052661   0.7286451
 -0.5775382   1.7444994  -0.91193867  0.03055068  0.9910765   0.1414952
  1.0659267   1.0070757  -2.2015831   0.51275176  0.2977688   0.04710428
  0.7761249  -1.1986105  -1.821259   -1.5170865  -0.695877   -0.8294975
  0.158032   -1.3606097   0.8225309  -1.8542197  -1.0611323   0.11301778
 -0.63389087 -1.2459896   1.3873818  -0.23930691  0.37924314  1.800594
 -0.24554755 -0.18060648 -0.26959    -0.78253126 -0.8836753   0.10912859
  0.00639437 -0.25302988 -0.78155285 -1.6496019  -0.17479427  1.0450048
 -0.18796028 -0.0525369   0.3403031   1.7124012   1.959733   -0.1278591
  1.0275148   0.24336274  0.5744335  -0.9621473  -0.288556    0.4529308
 -0.71558934 -1.1756674  -0.33634397  0.96616834  0.66246045 -2.6108139
 -0.86705923 -0.13100858 -3.1841412   0.09361757 -0.3214729   0.70329124
  1.0929977  -0.7910789  -0.28819227  0.00752853 -0.00597309 -0.40898952
 -0.17514326 -1.3198916   0.5687153   0.01247585  1.7847904  -1.4582032
 -0.6170343   1.5313976  -0.38500395 -2.0578892  -0.54360336 -0.5529255
 -0.5955297   1.256745   -0.24486782 -2.4948645   0.6174695  -0.4069248
 -0.63843316  0.8416333  -0.5325913  -0.9533274  -0.6311243   1.8162557
 -0.89929223  0.47305882 -0.30559155  0.5061379   1.5372252  -0.75860316
  0.74870044 -0.26795128  0.3056724   0.02441093 -0.9164756   2.5221245
 -0.07639749 -0.07591706  1.2081044   2.3805587   0.36571848  0.43960488
  1.768128   -0.14969954  1.6581213   0.43753406 -0.46439576 -0.4963407
 -0.7386553   0.8066313   0.27300307  0.6410604  -1.1563035  -1.5627267
 -0.75476694 -0.83695775 -0.07554591 -1.9348078 ]
============================================================
Parametri iniziali circuito
[ 6.55727863e-01  7.03463674e-01  9.91087914e-01 -3.16163212e-01
 -1.04139447e+00 -2.08117318e+00  3.60561639e-01 -3.84141356e-01
  5.45440197e-01 -3.14878017e-01  1.53101659e+00  5.51165640e-01
 -3.62060428e-01 -2.04312071e-01  1.18629432e+00 -1.20569277e+00
  1.05317384e-01  3.69532406e-01  1.65818310e+00 -7.24248827e-01
  6.77700698e-01 -1.59776688e+00 -2.34174773e-01  2.51817316e-01
  1.27470046e-01  9.78237465e-02 -1.51378477e+00 -1.11390233e+00
  7.95657486e-02 -8.36098790e-02 -6.64023221e-01  5.77844203e-01
 -2.29708567e-01  8.00409973e-01 -1.10133588e+00  1.06175983e+00
 -1.10308850e+00 -8.26324999e-01  6.29396439e-01  5.98217621e-02
  5.41382492e-01 -3.54735345e-01  4.73118633e-01  1.77008426e+00
  9.22403038e-01  4.70376432e-01  1.56903052e+00  3.21694136e-01
 -4.03658114e-03 -1.35821104e+00 -2.12383056e+00 -9.47408676e-01
 -2.01717973e+00 -1.36478913e+00 -3.78074050e-01  4.62298453e-01
 -8.20619524e-01  2.05151513e-02  1.97965991e+00  9.99368787e-01
  5.96145809e-01  7.48284832e-02  6.67619109e-02  1.41671026e+00
  6.57700419e-01 -1.37088373e-02 -3.76357168e-01  1.84686923e+00
 -4.35180515e-01 -1.11036408e+00 -1.41156986e-01  1.01755154e+00
  1.25296330e+00  6.83657408e-01 -2.44910645e+00 -1.06665480e+00
 -3.39610338e-01  6.49944663e-01 -5.13721228e-01  7.27175415e-01
  3.96436989e-01 -1.40152204e+00  3.03562749e-02 -1.01999545e+00
  1.99528837e+00 -4.42782015e-01  3.32882196e-01  1.09769255e-01
  1.87888041e-01  1.28684616e+00  9.10233378e-01  1.85879052e-01
  6.75166771e-02 -1.65809226e+00 -8.12209487e-01 -4.91822809e-01
  4.34951752e-01  1.58117771e+00 -9.72971916e-01 -7.18875229e-01
 -4.90942925e-01 -1.06412125e+00  2.40577054e+00  6.74475133e-01
 -3.81425291e-01  6.00756407e-01  1.01936571e-01  3.09142381e-01
 -4.12450135e-01  3.76268327e-02 -1.19003564e-01  5.83927393e-01
 -6.86202824e-01 -5.66297948e-01 -2.83302605e-01  2.47962618e+00
 -2.73877650e-01  1.43896806e+00  1.37236762e+00  6.55349135e-01
  1.02733600e+00  2.25903606e+00 -4.23808098e-01  4.47844058e-01
 -2.70999253e-01  1.72322607e+00 -5.08600056e-01  8.75458479e-01
 -4.06609237e-01  2.17831239e-01  3.64465863e-01 -5.62180817e-01
 -3.63527536e-01  6.68868959e-01  2.30633363e-01  9.89245296e-01
  1.36227715e+00  4.82078381e-02 -6.08270288e-01  5.81664622e-01
  1.10790268e-01  9.25567985e-01 -4.61216643e-02 -2.91435956e-03
  1.14064372e+00 -5.48988998e-01  1.64943922e+00 -1.18378572e-01
  7.93020308e-01 -4.74964559e-01 -2.11191162e-01 -1.01830852e+00
 -2.45145217e-01  1.02925992e+00 -2.81092584e-01 -2.17709184e-01
  2.68656760e-01  7.61457458e-02  3.11618954e-01  1.69013366e-01
 -4.73241150e-01 -5.79870582e-01 -1.13345599e+00  1.06984712e-02
  1.14723969e+00  1.64933193e+00  5.51590025e-01 -1.20260961e-01
  8.76057923e-01 -9.41298068e-01 -1.91892132e-01  1.29854369e+00
  5.62148333e-01  9.17937040e-01 -9.50116888e-02 -5.66308081e-01
  4.81880724e-01  4.83959854e-01  7.24981964e-01 -7.96506703e-01
 -1.76683033e+00  1.65668559e+00 -7.75085390e-01  8.01172435e-01
  2.15836421e-01 -4.86315459e-01 -5.99069476e-01 -2.42841315e+00
 -6.75007030e-02  3.34679633e-02  1.27307832e+00 -2.21342015e+00
  1.02213395e+00 -3.99115890e-01  2.01650858e+00  1.22525640e-01
 -2.28031468e+00  5.89533389e-01 -5.61676204e-01 -6.67035997e-01
  8.51650178e-01  3.99037451e-01  1.18910992e+00  9.83038068e-01
 -7.16535270e-01 -1.23583186e+00 -5.93897283e-01 -6.17018938e-02
  1.67087388e+00 -9.89866316e-01  4.98984337e-01  1.28558946e+00
 -1.41770220e+00 -9.99885857e-01  1.09154451e+00 -6.10570252e-01
 -6.15886688e-01 -7.31416464e-01  4.85573225e-02  5.84469914e-01
 -1.68756449e+00  3.20683658e-01  1.41485468e-01 -6.91995800e-01
  1.38156486e+00  1.81757855e+00 -2.37053391e-02  1.09734356e+00
  8.88432115e-02  4.55262601e-01 -5.12566328e-01  2.84933209e-01
 -2.02884126e+00 -1.25234568e+00 -1.75832582e+00 -8.29742849e-01
  8.31298470e-01  8.93556952e-01 -1.39933383e+00  1.06972367e-01
  1.11312866e+00  6.96343839e-01  4.98453289e-01  7.34728038e-01
  4.21906829e-01 -3.15776914e-02  2.27309585e-01 -2.04389229e-01
 -8.20649937e-02  4.73373473e-01 -7.16921985e-02 -7.83317089e-01
 -2.19075128e-01 -7.01851368e-01  4.88632172e-01  1.43361461e+00
  4.77035880e-01 -7.49802291e-01 -6.95058167e-01 -1.84087798e-01
 -2.91796803e-01  2.12106323e+00  3.51210944e-02  1.17506802e+00
  6.31452501e-02 -3.26964557e-01 -7.82322884e-02 -6.10746920e-01
  7.06401706e-01 -3.39836955e-01 -8.05905104e-01 -5.82012594e-01
  1.42815030e+00  1.04541850e+00  1.75031972e+00  5.11706233e-01
  7.83905804e-01 -9.47258413e-01 -1.86832808e-02  1.38980195e-01
  9.93899226e-01  5.48861206e-01  1.00335062e+00  1.06636572e+00
  2.34362096e-01  5.72228014e-01 -3.12792808e-01 -6.34859264e-01
 -4.78824317e-01  7.08554268e-01  2.87827581e-01  2.91850781e+00
  4.24016833e-01  5.73490709e-02  2.39261352e-02  1.25961900e-01
  1.24639678e+00  4.29909229e-01 -1.18610203e+00 -1.40310740e+00
  2.50389433e+00  1.40168071e+00  1.37057757e+00 -7.90028691e-01
  2.62706256e+00  8.32251608e-01 -7.89947152e-01 -8.63981068e-01
 -4.27726507e-01  9.44804728e-01 -8.66285115e-02 -2.59236455e-01
  2.32072830e-01 -1.61047268e+00 -2.69177437e-01 -9.27423596e-01
 -2.23648477e+00  4.23319846e-01  2.23189497e+00  8.80707622e-01
  1.13917463e-01 -5.15863478e-01 -8.32779408e-01  4.42179114e-01
 -9.64533508e-01  1.20751274e+00 -8.45440626e-01  4.14032310e-01
  3.21881175e-02 -1.40678078e-01  1.67007580e-01 -1.40393153e-01
 -1.87997472e+00  9.17779148e-01  1.13694227e+00  1.43854320e+00
 -2.81069160e+00 -1.27547288e+00 -8.06852430e-02  1.23082697e+00
  4.19974059e-01 -1.95415664e+00  1.42345762e+00  1.10173273e+00
 -7.43106157e-02  2.86922548e-02  6.61528587e-01  1.36625004e+00
  2.23013341e-01  2.62498885e-01  4.95586842e-01 -1.06876945e+00
 -1.08678281e+00  5.05724967e-01  5.60235322e-01  1.68606913e+00
  5.63600957e-01  1.58885121e+00  4.43241477e-01 -2.91819423e-01
 -8.19433630e-01 -7.15075791e-01  1.82651007e+00  1.44683039e+00
  3.04052472e-01  3.64696890e-01 -5.59194565e-01  4.98757750e-01
  8.52406919e-01  4.88627315e-01 -1.17791772e+00 -2.06127739e+00
 -7.74950743e-01  1.03378320e+00 -9.00364816e-02 -2.84521908e-01
 -2.86760122e-01  7.09239066e-01  1.75890416e-01  1.28127027e+00
  1.88593113e+00  8.17384243e-01 -2.99259424e-01  7.85612941e-01
 -3.17734540e-01 -4.77020204e-01  1.33254206e+00 -1.48766875e+00
 -1.33869490e-02  2.16382235e-01 -3.73696119e-01 -4.68960643e-01
 -1.34307191e-01 -9.30786729e-01 -1.73252746e-01  2.30495000e+00
  1.02021134e+00  9.49504614e-01  2.70223506e-02  2.71316655e-02]
============================================================
Parametri iniziali circuito
[ 0.2718812   2.758042   -0.09676009 -1.6582712   1.7507693  -1.4604017
  0.51818    -0.15562764 -1.6946429   0.14583911  0.01631146 -1.0862252
  0.22370873  0.12961945  0.31186682 -0.10886487 -0.94199526  1.0558426
 -0.48591834  0.665812   -0.4467406  -0.36728948  0.44248953 -0.9176486
  0.77397597 -0.6267786   0.51895064  1.3179144   0.92105967  0.53782296
  1.1487287  -0.92086023  0.48872784 -1.7575008  -0.8831403   0.8982433
  0.1869695  -0.7118792  -0.24975215 -0.5647742   1.2017136  -1.5793095
 -1.2452917  -2.2310834  -0.7256571  -0.01070006 -1.8386267   0.9323363
 -2.153795   -0.19931394  1.1836663   0.01548333  0.23332326 -1.1062791
 -1.3183243   0.01262384 -0.3626685  -0.34616122  0.06574772  1.4227005
 -0.27567905 -1.4681629   0.78797364 -0.84191525 -1.0213679  -0.16138044
  1.4321389   0.12057646 -0.03572499 -0.38404047 -0.32056323 -0.8966107
 -0.30797595  0.53016466  0.0836354   0.12790363 -1.2438866  -1.1632575
  0.42428493  0.14502382 -2.0057826  -0.09725816 -0.38790685  1.5768936
 -0.24044265 -0.31239223 -1.0839261  -0.18906415 -0.1801203   0.7374185
  0.66794235  0.1714311  -0.60811776 -0.7283636  -0.00692337  0.340746
  0.04569281 -1.4722748  -1.0517244  -0.66992384 -1.2157001   1.0239717
  0.03986447 -0.16740179  1.145205   -1.9370635  -1.1245149   1.6396718
  2.0738919   1.9673549   0.15652663 -0.9431113  -1.366081   -1.2990341
  0.582499    0.8438725  -0.6927436  -0.20074785  0.4152343  -1.5113308
 -0.5342419   1.6700697  -0.8364274  -0.838187   -2.5762398  -0.6373037
  0.03071896 -0.1793118  -0.85155773  0.80324167  0.11958094  0.9741609
  1.1712627   1.2325559   0.09743588 -1.2903638  -0.25123757 -0.24320811
  0.5580176  -1.2383095  -0.98538095 -0.82830614  0.854964   -0.24652971
 -0.2315956   0.42502734 -0.10590263  0.20856176 -0.24233127  0.36444318
  1.0446578  -0.30716392  0.6454801   0.38594803  1.0811746  -0.0280081
  1.346718    1.3583502  -1.1888872  -0.19930935  1.7475656  -0.28238502
 -0.5222215  -0.386704   -0.3637285  -0.24391854 -0.33231622 -0.40201882
 -0.38659945  0.899438    2.88226     0.91921175  0.15371172 -0.8271196
  0.6982973   1.0794133  -0.7131567  -0.71640426  0.6270291   0.77463067
 -0.21746036 -1.6903449   0.7191093  -1.0656352  -0.45594114 -1.3876659
  0.25483006  0.5209619  -1.2367797  -0.16427873 -0.49306798  0.07224055
 -1.0346601  -0.21122524  0.00986238 -1.2395991   0.15575346 -2.3036094
  2.4806466  -1.167536   -1.0673692  -0.46225956  1.1871308   0.5148562
 -0.04241713  0.809788    0.92879564 -1.2407002   1.7384964  -0.06873381
  0.4351939  -0.47966617  0.4386668   1.3193377  -1.9210547  -0.69206333
 -1.5170262   0.13178672  0.81885105 -0.8893928  -1.2119596   2.0580795
  1.6757228   0.04434819  1.1155074   0.9181484  -1.1336344   1.6453701
 -1.586072   -0.12496205  1.4856071  -0.6892605  -0.7636254   0.48747018
  0.40923595  0.37045452  1.0467963   0.44926912 -2.5213914  -0.9658713
 -1.0753931   1.4633744  -1.5019417   0.31737334 -0.5844926   0.7174609
 -0.9190905   1.4938806   0.53185606 -1.4817867  -0.9205815   0.7424679
 -1.3170745   0.35633472  0.20665145 -0.67968756 -2.0154192   0.40607667
 -0.48343265  0.3092227  -0.56481224 -1.2563287  -3.0533085  -0.7783846
  0.44707525  1.2483832   0.7797137  -1.1187681  -1.265405    0.46832848
 -0.31755716  1.0657663  -1.3310883  -0.7884937  -0.04013976  0.98658645
 -1.3552982   1.3028815  -1.6266528  -1.9073224   0.24947025  1.1429677
  0.70047915 -0.10483896  1.3110203  -0.570248   -0.39819106 -0.16025743
 -2.0580704  -2.5369556  -2.0404487   0.8583505  -1.7608329  -0.67462754
  1.4085915   1.1282862  -0.21158043  0.07687737 -1.0903481   2.2467496
  1.1735767  -0.04675892 -1.5874435   0.56176585  0.9641892  -0.38008595
  0.4507548   0.45474008  0.3111031  -0.37795088 -2.377816   -1.5012236
  1.7447119   1.1801717  -0.06208067 -1.9642007  -0.36021674  0.27853742
 -0.20374401  1.263763    0.295804    0.44190112  1.8632994   0.6810496
 -0.4338808  -0.40215543 -0.8380794  -0.7531383   0.05969732 -0.4617002
  1.162887   -2.2131712  -1.017443    0.5984807   0.31253958 -0.69807464
 -1.3535786  -1.1062261  -0.01830303  0.2021006  -1.2195146   1.5751144
  0.06090226  1.8176829  -0.96548235 -0.5787656  -1.3054501   1.2430183
  0.5346274  -1.5771258   0.49106154  0.46915334 -0.29526672  0.40019858
 -0.2939179   0.6573641   1.520244   -1.3083043  -0.7506291   1.1239537
  0.13531518 -1.1857034  -1.2132638  -1.3559693  -1.5340254  -0.14452253
  0.9884818   0.4698422  -0.1863352  -0.0666265   0.6175762  -0.47133738
  0.5528311   1.1818346  -2.6176376   0.97104627 -0.8413173  -0.3033775
  1.1300845  -0.7952674  -0.41117233 -0.770165   -0.9597374  -0.6403771
 -0.70050925  1.2025201   1.2036505   0.03992085 -0.6582741   0.4637699
  0.424675    1.1092765   0.9969836  -2.275762   -1.9670811  -1.7264689
 -0.23434432  1.0618092  -1.3255622   0.60524344]
============================================================
